  
  Rhino 物体: 曲线
  开发人员除错信息
  使用 Rhino 的"What"指令。
  名称: ""
  ID:575D2058-5CC3-4545-8632-B715485B961B
  图层索引: 5
  渲染材质索引: -1 (从图层)
  ON_NurbsCurve dim = 3 is_rat = 0
          order = 4 cv_count = 88
  Knot Vector ( 90 knots )
  index                     value  mult       delta
      0                        0     3
      3       1263.7177705231381     3        1264
      6       2527.4135470983938     3        1264
      9       2944.5348642816098     3       417.1
     12       3361.8038339634932     3       417.3
     15       3779.0867818127217     3       417.3
     18       4196.3685543667125     3       417.3
     21       4613.8315784261149     3       417.5
     24       5031.1058322900817     3       417.3
     27       5664.6387089448617     3       633.5
     30        6298.161245850557     3       633.5
     33       6931.7515048402283     3       633.6
     36       7565.2249499502677     3       633.5
     39       8213.4349686015739     3       648.2
     42       8861.4721189120319     3         648
     45       9509.6188542262244     3       648.1
     48       10157.843537082745     3       648.2
     51       10824.921445629145     3       667.1
     54       11158.282424358087     2       333.4
     56       11491.647067263662     3       333.4
     59       11825.104669086675     2       333.5
     61       12158.566798937245     3       333.5
     64       12492.021554738367     2       333.5
     66       12825.480669881432     3       333.5
     69       13168.336593696597     2       342.9
     71       13511.197392213266     3       342.9
     74       13854.166645956078     2         343
     76       14197.140781257325     3         343
     79       14540.218509197044     2       343.1
     81       14883.301088073922     3       343.1
     84       15569.332121642588     3         686
     87       16202.543609981823     3       633.2
  Control Points  88 non-rational points
    index               value
    CV[ 0] (-14173.718649807957, -18168.918896171737, 12300.000000000004)
    CV[ 1] (-14238.668082170787, -18233.303996668295, 12711.583520518469)
    CV[ 2] (-14291.921093929715, -18286.094304283139, 13125.30555952145)
    CV[ 3] (-14333.064093089823, -18326.879820634615, 13542.940262872129)
    CV[ 4] (-14373.997519924716, -18367.45758559044, 13958.447637694109)
    CV[ 5] (-14403.27027032859, -18396.47599126388, 14381.16213750854)
    CV[ 6] (-14419.881688186349, -18412.943076028954, 14800.000000000004)
    CV[ 7] (-14425.39480693949, -18418.408292460525, 14939.006970626999)
    CV[ 8] (-14429.512013382649, -18422.489725368621, 15077.560119608377)
    CV[ 9] (-14432.295301123429, -18425.24882971152, 15216.72831713455)
    CV[10] (-14435.074750169264, -18428.004128713077, 15355.704574658197)
    CV[11] (-14436.516018573418, -18429.432874241222, 15494.895974837076)
    CV[12] (-14436.604393089761, -18429.520480890103, 15633.927341643026)
    CV[13] (-14436.692810525225, -18429.608130085191, 15773.026229090678)
    CV[14] (-14435.427108153017, -18428.353425132911, 15912.099934345149)
    CV[15] (-14432.817050471862, -18425.766045690329, 16051.150254777778)
    CV[16] (-14430.206864044203, -18423.178538619894, 16190.207434155589)
    CV[17] (-14426.253594601492, -18419.259618298358, 16329.166372211255)
    CV[18] (-14420.971498000432, -18414.023416716303, 16468.073037173155)
    CV[19] (-14415.689345986544, -18408.787160202894, 16606.981159361549)
    CV[20] (-14409.075252310122, -18402.230534986043, 16745.918152014747)
    CV[21] (-14401.138095861319, -18394.362342809116, 16884.575604794707)
    CV[22] (-14393.196830580227, -18386.490077500675, 17023.304836456999)
    CV[23] (-14383.939466025417, -18377.313148226447, 17161.608539421693)
    CV[24] (-14373.442838315696, -18366.907723492477, 17300.000000000007)
    CV[25] (-14357.534407358358, -18351.13751752349, 17509.74269609051)
    CV[26] (-14338.77387496347, -18332.539991422473, 17719.75758625942)
    CV[27] (-14318.39342916317, -18312.336627000648, 17928.723941478645)
    CV[28] (-14297.981591746562, -18292.10214371762, 18138.012163633877)
    CV[29] (-14275.898265918131, -18270.21069523169, 18346.724366904593)
    CV[30] (-14251.825310740227, -18246.346904864437, 18555.241324447117)
    CV[31] (-14227.774046243176, -18222.504616712304, 18763.570399997363)
    CV[32] (-14201.722545411576, -18196.679471855627, 18971.827473520181)
    CV[33] (-14173.834424553132, -18169.03366497466, 19179.205689988616)
    CV[34] (-14145.881791378279, -18141.323906311143, 19387.063625014791)
    CV[35] (-14116.191664823311, -18111.891750979619, 19593.237716010404)
    CV[36] (-14084.403075371862, -18080.379365851419, 19800)
    CV[37] (-14051.998378068782, -18048.256226102265, 20010.769629668841)
    CV[38] (-14017.414917824512, -18013.973254221815, 20222.138591705978)
    CV[39] (-13981.051248180009, -17977.925540803692, 20431.623826176707)
    CV[40] (-13944.602490539102, -17941.793478700751, 20641.599238867904)
    CV[41] (-13906.232331529049, -17903.756709878347, 20850.447887671009)
    CV[42] (-13865.819625994895, -17863.695141786131, 21058.979715950463)
    CV[43] (-13825.454604665327, -17823.680843580543, 21267.265491058493)
    CV[44] (-13783.056883877463, -17781.65150761187, 21475.209241726032)
    CV[45] (-13738.805113785049, -17737.784231780504, 21681.923759467558)
    CV[46] (-13694.435868713543, -17693.800501685269, 21889.187041328569)
    CV[47] (-13648.365042314324, -17648.129974942211, 22094.455910839737)
    CV[48] (-13600.131104382037, -17600.315131484203, 22299.999999999993)
    CV[49] (-13550.705726541146, -17551.3192002867, 22510.621290842344)
    CV[50] (-13498.937285396823, -17500.000564166712, 22721.835666973046)
    CV[51] (-13446.437793567282, -17447.957229306132, 22930.972317745465)
    CV[52] (-13420.137974345238, -17421.885923644932, 23035.740114848661)
    CV[53] (-13393.557793849355, -17395.536692709647, 23140.371288828577)
    CV[54] (-13339.800089802806, -17342.246077971613, 23349.321975194554)
    CV[55] (-13312.620831357939, -17315.302974348797, 23453.648058650284)
    CV[56] (-13285.126119645709, -17288.047158365269, 23557.804298663694)
    CV[57] (-13257.623069197552, -17260.783076099324, 23661.992127711019)
    CV[58] (-13229.802869094889, -17233.20459982508, 23766.01742139184)
    CV[59] (-13173.545327508793, -17177.435868106601, 23973.727992082688)
    CV[60] (-13145.10596990152, -17149.243614056202, 24077.420660918382)
    CV[61] (-13116.362988801524, -17120.750374633324, 24180.941223486101)
    CV[62] (-13087.619884613974, -17092.257013192375, 24284.462229365276)
    CV[63] (-13058.570611524287, -17063.460143086049, 24387.818101245321)
    CV[64] (-12999.853434762555, -17005.253147441206, 24594.172481232472)
    CV[65] (-12970.18344130643, -16975.840950276302, 24697.17827724589)
    CV[66] (-12940.203911488848, -16946.121906245837, 24800.000000000015)
    CV[67] (-12909.378742388717, -16915.564570513503, 24905.722038015563)
    CV[68] (-12878.224811691589, -16884.68132972407, 25011.257810751518)
    CV[69] (-12815.272311135624, -16822.275810116709, 25221.938041662848)
    CV[70] (-12783.471347241179, -16790.751158064435, 25327.090450173495)
    CV[71] (-12751.348030766603, -16758.906954285343, 25432.041694863135)
    CV[72] (-12719.21364633007, -16727.05177871147, 25537.029100090083)
    CV[73] (-12686.753743062432, -16694.873912670693, 25641.822804946569)
    CV[74] (-12621.187807988272, -16629.877666124332, 25850.99917832197)
    CV[75] (-12588.079275957514, -16597.056807118428, 25955.389787062264)
    CV[76] (-12554.649890278526, -16563.91788229371, 26059.570593986831)
    CV[77] (-12521.209451276261, -16530.768000185701, 26163.785847973897)
    CV[78] (-12487.445759319808, -16497.297673799974, 26267.799271995595)
    CV[79] (-12419.285430278145, -16429.72957542599, 26475.404603828414)
    CV[80] (-12384.886231057335, -16395.629263563987, 26579.004277579465)
    CV[81] (-12350.172867637235, -16361.217517208897, 26682.389230222267)
    CV[82] (-12280.632722347398, -16292.281591517976, 26889.496923607028)
    CV[83] (-12210.202356115009, -16222.463179825789, 27094.636550119219)
    CV[84] (-12138.100201373696, -16150.987505441068, 27300.000000000022)
    CV[85] (-12071.94034706357, -16085.402500097232, 27488.438417318961)
    CV[86] (-12004.344444564718, -16018.393924083335, 27677.146676971497)
    CV[87] (-11935.662959667919, -15950.309198067094, 27865.207855253633)
