  
  Rhino 物体: 曲线
  开发人员除错信息
  使用 Rhino 的"What"指令。
  名称: ""
  ID:6E1419D2-DDB1-4479-9FAA-BE55469D6164
  图层索引: 5
  渲染材质索引: -1 (从图层)
  ON_NurbsCurve dim = 3 is_rat = 0
          order = 4 cv_count = 89
  Knot Vector ( 91 knots )
  index                     value  mult       delta
      0                        0     3
      3       1259.9634888529408     3        1260
      6        2519.873790605473     3        1260
      9       2937.3315403339234     3       417.5
     12       3354.7653169556479     3       417.4
     15       3772.2695238763281     3       417.5
     18       4189.8617539810357     3       417.6
     21       4607.4472739166404     3       417.6
     24       5025.0763071555484     3       417.6
     27       5661.2058137465356     3       636.1
     30       6297.2358909781569     3         636
     33       6933.1395929053333     3       635.9
     36       7569.0359800914321     3       635.9
     39       8220.9935134466923     3         652
     42       8872.8460530284592     3       651.9
     45       9524.8843431079113     3         652
     48       10176.958526902248     3       652.1
     51       10850.659116444427     3       673.7
     54        11524.07634720834     3       673.4
     57       12197.505137131289     3       673.4
     60       12534.165760557531     2       336.7
     62       12870.831320254401     3       336.7
     65       13217.008453377643     2       346.2
     67       13563.188579005431     3       346.2
     70       13909.469799777264     2       346.3
     72       14255.754610129219     3       346.3
     75       14602.152446151422     2       346.4
     77       14948.553628319409     3       346.4
     80       15294.908998394807     2       346.4
     82        15641.26775463712     3       346.4
     85       17068.837805658994     3        1428
     88       17123.423417381997     3       54.59
  Control Points  89 non-rational points
    index               value
    CV[ 0] (-11552.903439782371, -22788.300935002648, 12300)
    CV[ 1] (-11606.056862273446, -22848.910797177155, 12712.420576350552)
    CV[ 2] (-11648.763332891574, -22897.608193822853, 13126.892273175159)
    CV[ 3] (-11680.599958810868, -22933.910908091042, 13544.344769957032)
    CV[ 4] (-11712.319664183453, -22970.080300027588, 13960.264165389772)
    CV[ 5] (-11733.433289169641, -22994.15577514176, 14381.569717223803)
    CV[ 6] (-11743.288767521786, -23005.393794381023, 14800.000000000005)
    CV[ 7] (-11746.567118710484, -23009.13203745916, 14939.187705143491)
    CV[ 8] (-11748.599669420675, -23011.449717349456, 15078.058421631627)
    CV[ 9] (-11749.4187768624, -23012.383730378577, 15217.32921843075)
    CV[10] (-11750.23691180254, -23013.316634482173, 15356.434663209786)
    CV[11] (-11749.842764773608, -23012.867195932766, 15495.645138426982)
    CV[12] (-11748.227981380969, -23011.025888369062, 15634.734617793711)
    CV[13] (-11746.612497187265, -23009.183781694897, 15773.88446070861)
    CV[14] (-11743.774549981428, -23005.947723113091, 15912.979343791503)
    CV[15] (-11739.726041756319, -23001.331284245447, 16052.015159161319)
    CV[16] (-11735.676806207304, -22996.714016023834, 16191.075952638368)
    CV[17] (-11730.417476000144, -22990.716899299332, 16330.046701966619)
    CV[18] (-11723.937318316232, -22983.327695637854, 16468.895717895521)
    CV[19] (-11717.459065565714, -22975.940664136608, 16607.703917205443)
    CV[20] (-11709.756182325387, -22967.157209193127, 16746.487295269479)
    CV[21] (-11700.799185859536, -22956.943712190485, 16884.978425600151)
    CV[22] (-11691.830046527104, -22946.716368902216, 17023.657306291596)
    CV[23] (-11681.623426385519, -22935.0779491908, 17161.733092453145)
    CV[24] (-11670.223277219851, -22922.078570461876, 17300)
    CV[25] (-11652.907768548148, -22902.334016962057, 17510.011448257839)
    CV[26] (-11632.822342983116, -22879.430978584478, 17720.661662485869)
    CV[27] (-11610.913382585819, -22854.448597246945, 17929.677885552228)
    CV[28] (-11588.953976783687, -22829.408693949565, 18139.175368696586)
    CV[29] (-11565.078715506077, -22802.184176174436, 18347.831156697754)
    CV[30] (-11539.353605955032, -22772.850310710273, 18556.33950494825)
    CV[31] (-11513.665240619704, -22743.558343994038, 18764.550032281313)
    CV[32] (-11486.127041078918, -22712.157045630214, 18972.656249917476)
    CV[33] (-11456.987872951569, -22678.93019246991, 19179.818156098401)
    CV[34] (-11427.764824252348, -22645.607691848691, 19387.576402541508)
    CV[35] (-11397.069053858382, -22610.605873983979, 19593.406852593955)
    CV[36] (-11364.451353331558, -22573.412514822354, 19800)
    CV[37] (-11331.159603174694, -22535.450549364821, 20010.862425507472)
    CV[38] (-11295.867244148843, -22495.20732670631, 20222.509429019403)
    CV[39] (-11259.06075736948, -22453.237572243186, 20432.023715239746)
    CV[40] (-11222.146245960132, -22411.144639297323, 20642.152912178997)
    CV[41] (-11183.550455296663, -22367.134574789776, 20851.038235695785)
    CV[42] (-11142.999053738964, -22320.894563437581, 21059.620355358784)
    CV[43] (-11102.50656736402, -22274.721731975962, 21267.899436082884)
    CV[44] (-11060.056912441452, -22226.317177506411, 21475.913396825043)
    CV[45] (-11015.911484542459, -22175.978964552352, 21682.478005209392)
    CV[46] (-10971.608315562531, -22125.460882368305, 21889.780713237593)
    CV[47] (-10925.824016795108, -22073.253895348491, 22094.561845095777)
    CV[48] (-10877.894079261199, -22018.600276224512, 22299.999999999996)
    CV[49] (-10828.65618011641, -21962.455212725934, 22511.04436333782)
    CV[50] (-10777.091127903594, -21903.656539730513, 22723.050104922495)
    CV[51] (-10724.762420470235, -21843.98708484567, 22932.372848125797)
    CV[52] (-10672.248296642798, -21784.106203084375, 23142.43728494523)
    CV[53] (-10618.602466149654, -21722.934857194607, 23351.249740213047)
    CV[54] (-10563.436356042195, -21660.029964647409, 23559.745535545801)
    CV[55] (-10508.345339435682, -21597.210699827065, 23767.957521141485)
    CV[56] (-10451.78707780832, -21532.718362712934, 23975.668948635885)
    CV[57] (-10394.077167247826, -21466.912821672522, 24182.241993359647)
    CV[58] (-10365.210682951534, -21433.996904829073, 24285.569783918341)
    CV[59] (-10336.031212994274, -21400.724096239344, 24388.700030370579)
    CV[60] (-10277.137978559675, -21333.569232924729, 24594.599508715848)
    CV[61] (-10247.422350596065, -21299.685053301, 24697.375725187929)
    CV[62] (-10217.486418254592, -21265.549664679751, 24800.000000000007)
    CV[63] (-10186.704010801812, -21230.44905618317, 24905.526101735439)
    CV[64] (-10155.687483045818, -21195.081484645554, 25010.897537156943)
    CV[65] (-10093.167952923388, -21123.791623591511, 25221.302048574587)
    CV[66] (-10061.663444737931, -21087.867617017571, 25326.340273921509)
    CV[67] (-10029.90233752082, -21051.651015325326, 25431.195861455344)
    CV[68] (-9998.1313597799399, -21015.42315845783, 25536.084035371081)
    CV[69] (-9966.1015477490382, -20978.900157648342, 25640.79469369652)
    CV[70] (-9901.5375085040359, -20905.278980748091, 25849.850637032188)
    CV[71] (-9869.0015301833791, -20868.17880790299, 25954.201589379878)
    CV[72] (-9836.2197169719821, -20830.79831408988, 26058.370537768242)
    CV[73] (-9803.4265409629224, -20793.404863489268, 26162.57559308808)
    CV[74] (-9770.3858473477685, -20755.729173151529, 26266.604148226434)
    CV[75] (-9703.8159234283303, -20679.820723147161, 26474.294453036455)
    CV[76] (-9670.2849753334067, -20641.586004715711, 26577.961542957146)
    CV[77] (-9636.5103132829936, -20603.073383779403, 26681.441733769338)
    CV[78] (-9602.73947027537, -20564.565117626782, 26784.910223642044)
    CV[79] (-9568.7228248811534, -20525.776567570032, 26888.196926785335)
    CV[80] (-9500.193706279324, -20447.634084193822, 27094.384520890962)
    CV[81] (-9465.6794137926809, -20408.278076384213, 27197.290853743267)
    CV[82] (-9430.9171572148807, -20368.639319718841, 27300.000000000015)
    CV[83] (-9287.9958957291565, -20205.668855081094, 27722.277556012028)
    CV[84] (-9139.8065174365674, -20036.691254522106, 28144.422459060934)
    CV[85] (-8988.71542813411, -19864.40488669779, 28560.105239583434)
    CV[86] (-8982.9136450996157, -19857.789221071627, 28576.067142531519)
    CV[87] (-8977.107096540909, -19851.168121406561, 28592.020857323641)
    CV[88] (-8971.2958829432428, -19844.541702284063, 28607.966780469425)
