  
  Rhino 物体: 曲线
  开发人员除错信息
  使用 Rhino 的"What"指令。
  名称: ""
  ID:51D3FA1F-467C-46fc-AFF7-2A6E2C5ADDE7
  图层索引: 5
  渲染材质索引: -1 (从图层)
  ON_NurbsCurve dim = 3 is_rat = 0
          order = 4 cv_count = 85
  Knot Vector ( 87 knots )
  index                     value  mult       delta
      0                        0     3
      3       1257.6347020043213     3        1258
      6        2515.210335623281     3        1258
      9       2932.9319544999958     3       417.7
     12       3350.5520150259977     3       417.6
     15        3768.246052004391     3       417.7
     18       4186.1161312789445     3       417.9
     21       4603.8341055729106     3       417.7
     24       5021.7396486125963     3       417.9
     27       5659.3808199170926     3       637.6
     30       6296.9724932130157     3       637.6
     33       6934.3358496079763     3       637.4
     36       7571.7830965774556     3       637.4
     39       8225.6753728910844     3       653.9
     42       8879.5296362758199     3       653.9
     45       9533.5425451977044     3         654
     48       10187.545541918042     3         654
     51        10864.12255856382     3       676.6
     54       11540.610015339678     3       676.5
     57       12217.067482181044     3       676.5
     60       12555.230044038584     2       338.2
     62       12893.397876749888     3       338.2
     65       13240.819459367996     2       347.4
     67       13588.242908497801     3       347.4
     70       14283.171016629385     3       694.9
     73       14978.189816223739     3         695
     76       15325.632753133455     2       347.4
     78       15673.078021467569     3       347.4
     81       17098.395308858951     3        1425
     84       17624.584357971522     3       526.2
  Control Points  85 non-rational points
    index               value
    CV[ 0] (-9884.5904907496097, -25312.120407782044, 12299.999999999996)
    CV[ 1] (-9930.287271988198, -25368.551233062244, 12713.025894844775)
    CV[ 2] (-9966.3284655971911, -25413.05840062007, 13127.998356599766)
    CV[ 3] (-9992.3210153020409, -25445.156526379149, 13545.328237283655)
    CV[ 4] (-10018.242280073257, -25477.166622576275, 13961.513584892233)
    CV[ 5] (-10034.283515164974, -25496.975898201472, 14381.875718758498)
    CV[ 6] (-10039.995513906513, -25504.029629213765, 14800.000000000007)
    CV[ 7] (-10041.898432724727, -25506.379538254238, 14939.295647483259)
    CV[ 8] (-10042.65507463474, -25507.313913198504, 15078.355238985812)
    CV[ 9] (-10042.282164323275, -25506.853407314695, 15217.682345815807)
    CV[10] (-10041.909638884576, -25506.393376709173, 15356.865656114143)
    CV[11] (-10040.410485475384, -25504.542076424801, 15496.096151018775)
    CV[12] (-10037.77907929898, -25501.292560416077, 15635.217948399133)
    CV[13] (-10035.146648451728, -25498.041779044237, 15774.393919875265)
    CV[14] (-10031.380693795736, -25493.391212342485, 15913.481697662455)
    CV[15] (-10026.487746521856, -25487.34892565984, 16052.503223301243)
    CV[16] (-10021.593488203484, -25481.305019972078, 16191.561999168858)
    CV[17] (-10015.571760454894, -25473.868805489237, 16330.550873125427)
    CV[18] (-10008.41746933484, -25465.033991717748, 16469.362279175235)
    CV[19] (-10001.26660877386, -25456.203414333908, 16608.107123671973)
    CV[20] (-9992.9787263043072, -25445.968731826611, 16746.782225139959)
    CV[21] (-9983.5346132118611, -25434.306223409141, 16885.180568298903)
    CV[22] (-9974.0734629122544, -25422.622675792969, 17023.828582466667)
    CV[23] (-9963.47978223889, -25409.540569636927, 17161.790006987172)
    CV[24] (-9951.7543023379203, -25395.060807831309, 17300.000000000007)
    CV[25] (-9933.9218155105282, -25373.039520528513, 17510.194201058792)
    CV[26] (-9913.4552537950676, -25347.765421632546, 17721.155551436317)
    CV[27] (-9890.9797388990737, -25320.010472163427, 17930.219207335889)
    CV[28] (-9868.4434539186332, -25292.180477889735, 18139.848136871347)
    CV[29] (-9843.7909943932646, -25261.73722568473, 18348.466019419739)
    CV[30] (-9817.3788515951637, -25229.12094560729, 18556.945659943842)
    CV[31] (-9791.0098315346204, -25196.557917675902, 18765.084918663517)
    CV[32] (-9762.8885175767882, -25161.830986990812, 18973.073578403259)
    CV[33] (-9733.3083796417814, -25125.302558722324, 19180.119013618554)
    CV[34] (-9703.637278674656, -25088.661800463989, 19387.801142300756)
    CV[35] (-9672.6457441912353, -25050.390442609099, 19593.50204175229)
    CV[36] (-9639.8635650115211, -25009.907822707799, 19800)
    CV[37] (-9606.3909983754402, -24968.572645298729, 20010.846772259098)
    CV[38] (-9571.0533254398651, -24924.934253421081, 20222.513487343251)
    CV[39] (-9534.3484736232458, -24879.607536228796, 20431.997669699333)
    CV[40] (-9497.5288579645621, -24834.139097494106, 20642.13683929632)
    CV[41] (-9459.1697451005803, -24786.769538035882, 20851.014965478073)
    CV[42] (-9419.0117406739701, -24737.17853249946, 21059.605058449117)
    CV[43] (-9378.9171229183739, -24687.665802982927, 21267.865906185263)
    CV[44] (-9337.0161094006853, -24635.922360473607, 21475.908053493968)
    CV[45] (-9293.5785288144834, -24582.281415658337, 21682.469064343699)
    CV[46] (-9249.9751821428781, -24528.435766775314, 21889.818351375103)
    CV[47] (-9205.0700278193781, -24472.98251932273, 22094.502169382908)
    CV[48] (-9158.1237946564888, -24415.008749412184, 22300)
    CV[49] (-9109.8475777399326, -24355.392586344078, 22511.319570887208)
    CV[50] (-9059.3820546982624, -24293.072855364127, 22723.634905151303)
    CV[51] (-9008.0422208733689, -24229.673440482788, 22933.120761744518)
    CV[52] (-8956.5038924596483, -24166.028905197833, 23143.416551013244)
    CV[53] (-8903.7223833157368, -24100.849169562316, 23352.338684591687)
    CV[54] (-8849.3506097563877, -24033.70562091974, 23560.825761177686)
    CV[55] (-8795.0536042271233, -23966.654403105025, 23769.026141800059)
    CV[56] (-8739.2255969157122, -23897.712555540682, 23976.582226028077)
    CV[57] (-8682.2245181348662, -23827.322085352629, 24182.948421887508)
    CV[58] (-8653.7147102254185, -23792.115404590801, 24286.165075480603)
    CV[59] (-8624.8887213394264, -23756.518272839632, 24389.164852006503)
    CV[60] (-8566.7579359293159, -23684.732731145756, 24594.812525200825)
    CV[61] (-8537.4514331193877, -23648.542214115547, 24697.467172492052)
    CV[62] (-8507.9817057563105, -23612.150131548544, 24800.000000000007)
    CV[63] (-8477.7049232206264, -23574.761418842558, 24905.340781846422)
    CV[64] (-8447.2548706370926, -23537.158735446927, 25010.557387625384)
    CV[65] (-8385.9734512360665, -23461.482484791843, 25220.706149807414)
    CV[66] (-8355.1411301202988, -23423.407739072172, 25325.641722147302)
    CV[67] (-8324.0981857704901, -23385.072895319376, 25430.417035638377)
    CV[68] (-8262.0053176627735, -23308.394588962554, 25639.991219331627)
    CV[69] (-8199.0613069316514, -23230.665208999053, 25848.944542926783)
    CV[70] (-8135.3428972259098, -23151.979525942661, 26057.275604509465)
    CV[71] (-8071.6142128233505, -23073.281154692369, 26265.640259813412)
    CV[72] (-8007.1030637559488, -22993.616520051251, 26473.415452508518)
    CV[73] (-7941.8208349227007, -22912.999681198711, 26680.555305316135)
    CV[74] (-7909.1845946433577, -22872.697280830718, 26784.109766131569)
    CV[75] (-7876.3535114518172, -22832.154269504186, 26887.511070489578)
    CV[76] (-7810.3006732156127, -22750.585807290026, 27093.99347172556)
    CV[77] (-7777.0777223583646, -22709.55887969683, 27197.078293213388)
    CV[78] (-7743.6592573715479, -22668.290512260679, 27300.000000000015)
    CV[79] (-7606.7076907976852, -22499.169411918207, 27721.78146077161)
    CV[80] (-7466.045942066693, -22325.46661817432, 28142.144951451573)
    CV[81] (-7322.6401042775597, -22148.375156651302, 28558.474346403924)
    CV[82] (-7269.6288838670289, -22082.911751225482, 28712.374143367942)
    CV[83] (-7216.2006388006685, -22016.933363237371, 28865.84478949921)
    CV[84] (-7162.3395268727827, -21950.420429192181, 29018.913306885956)
