  
  Rhino 物体: 曲线
  开发人员除错信息
  使用 Rhino 的"What"指令。
  名称: ""
  ID:22C158E2-9353-4ebf-9DDB-66526BF898B0
  图层索引: 5
  渲染材质索引: -1 (从图层)
  ON_NurbsCurve dim = 3 is_rat = 0
          order = 4 cv_count = 84
  Knot Vector ( 86 knots )
  index                     value  mult       delta
      0                        0     3
      3       1252.1261672704541     3        1252
      6       2504.3611361294043     3        1252
      9       2923.1426727150852     3       418.8
     12       3341.7505183821477     3       418.6
     15       3760.4179620899308     3       418.7
     18       4179.4014399905891     3         419
     21       4598.0382867728767     3       418.6
     24       5017.0482141612729     3         419
     27       5657.7861058108456     3       640.7
     30       6298.8358538403281     3         641
     33       6939.5170866862627     3       640.7
     36       7580.3393603938366     3       640.8
     39       8237.3372663398259     3         657
     42       8894.2591169192601     3       656.9
     45       9551.1468136072435     3       656.9
     48       10208.024154436936     3       656.9
     51       10887.107998727817     3       679.1
     54       11566.667777579962     3       679.6
     57       12246.201573582541     3       679.5
     60       12585.921357185814     2       339.7
     62       12925.646663520267     3       339.7
     65       13622.452231296791     3       696.8
     68       14319.067751555387     3       696.6
     71       15015.598920090757     3       696.5
     74       15712.227574157674     3       696.6
     77       17133.104273092187     3        1421
     80       18554.253110110265     3        1421
     83       18880.963884027697     3       326.7
  Control Points  84 non-rational points
    index               value
    CV[ 0] (-4403.1317066931815, -31749.551605373839, 12299.999999999996)
    CV[ 1] (-4427.0862678983212, -31786.793141903825, 12714.945456639904)
    CV[ 2] (-4443.8342871653667, -31812.83085413729, 13131.315133308519)
    CV[ 3] (-4453.1299588113907, -31827.282594338729, 13548.266885470654)
    CV[ 4] (-4462.424431598105, -31841.732470704617, 13965.164863520498)
    CV[ 5] (-4464.2737124803134, -31844.607499845806, 14382.879718552265)
    CV[ 6] (-4458.5537386810465, -31835.714804572795, 14800)
    CV[ 7] (-4456.6401181913161, -31832.739748308457, 14939.547827537741)
    CV[ 8] (-4453.8790185753669, -31828.447138173386, 15079.050722574171)
    CV[ 9] (-4450.2713985705659, -31822.838464691766, 15218.483989861819)
    CV[10] (-4446.6651870884225, -31817.231981003879, 15357.862818235177)
    CV[11] (-4442.213648136636, -31810.311288570072, 15497.151508103563)
    CV[12] (-4436.9163511999486, -31802.07571807941, 15636.345654329638)
    CV[13] (-4431.6178648774248, -31793.838298481362, 15775.571053390573)
    CV[14] (-4425.4757163058712, -31784.289259012789, 15914.636813443974)
    CV[15] (-4418.4871045410564, -31773.424245118174, 16053.607139392698)
    CV[16] (-4411.4954916393781, -31762.554565433726, 16192.637143712753)
    CV[17] (-4403.6548557784681, -31750.364931721302, 16331.608073745554)
    CV[18] (-4394.9805909006018, -31736.879276544678, 16470.313739493224)
    CV[19] (-4386.3124229388368, -31723.403100085772, 16608.921912621186)
    CV[20] (-4376.804286036926, -31708.621045648117, 16747.385300700174)
    CV[21] (-4366.4768510901195, -31692.56524973773, 16885.604327903689)
    CV[22] (-4356.1248476842502, -31676.471257879701, 17024.152171364949)
    CV[23] (-4344.9905373276315, -31659.161033645942, 17161.90687954802)
    CV[24] (-4332.9916507878752, -31640.506675189412, 17299.999999999993)
    CV[25] (-4314.708921819918, -31612.082989491428, 17510.412781652554)
    CV[26] (-4294.4178605082088, -31580.537001460129, 17721.623906396475)
    CV[27] (-4272.127780503497, -31545.883190787375, 17930.715301005264)
    CV[28] (-4249.7634357291263, -31511.113922598684, 18140.503333950714)
    CV[29] (-4225.2900532579715, -31473.065788069871, 18349.065911326397)
    CV[30] (-4199.4469022755229, -31432.888109876527, 18557.475480155579)
    CV[31] (-4173.6488917107126, -31392.78061032257, 18765.521018492385)
    CV[32] (-4146.494488144036, -31350.564361662528, 18973.345510036506)
    CV[33] (-4118.2653232287676, -31306.677209341098, 19180.308256403638)
    CV[34] (-4089.9518507651319, -31262.658986255508, 19387.889105424605)
    CV[35] (-4060.6985045204465, -31217.179565719838, 19593.56649081075)
    CV[36] (-4030.026924001575, -31169.495253052031, 19800)
    CV[37] (-3998.7205563468256, -31120.824053247903, 20010.705911648834)
    CV[38] (-3965.9400464505197, -31069.861042641271, 20222.176614459106)
    CV[39] (-3932.1382482978679, -31017.310261606253, 20431.560898335556)
    CV[40] (-3898.2387170589413, -30964.607537470649, 20641.550587054338)
    CV[41] (-3863.1641831684906, -30910.078067113525, 20850.357755618108)
    CV[42] (-3826.7688353389294, -30853.495161498649, 21058.915055571943)
    CV[43] (-3790.4349737706975, -30797.00784698343, 21267.120019048416)
    CV[44] (-3752.7756312184797, -30738.459841476535, 21475.128237866629)
    CV[45] (-3714.0008532665229, -30678.177697413295, 21681.823256367592)
    CV[46] (-3675.0880204538307, -30617.680923029959, 21889.254197896385)
    CV[47] (-3635.2667082712787, -30555.771759275365, 22094.216362333162)
    CV[48] (-3593.8730490189246, -30491.418108212634, 22300)
    CV[49] (-3551.303437706224, -30425.236234907054, 22511.629743014146)
    CV[50] (-3507.1039144540323, -30356.520379679805, 22723.964047503119)
    CV[51] (-3461.8849797157109, -30286.219671790277, 22933.708289696391)
    CV[52] (-3416.4914893564073, -30215.647586793082, 23144.26219352047)
    CV[53] (-3369.8124318681271, -30143.076863841907, 23353.404499120265)
    CV[54] (-3321.6485939179865, -30068.197791122358, 23561.844975841501)
    CV[55] (-3273.5340147262818, -29993.395299720079, 23770.0722735569)
    CV[56] (-3223.9787965230439, -29916.353084120175, 23977.421309882349)
    CV[57] (-3173.3359679756431, -29837.619988857914, 24183.587817807977)
    CV[58] (-3148.0083813026367, -29798.243845157282, 24286.696199553873)
    CV[59] (-3122.3940815505862, -29758.421956050777, 24389.567507279655)
    CV[60] (-3070.7943145874601, -29678.201133392427, 24594.980891966166)
    CV[61] (-3044.8074450961317, -29637.80001975175, 24697.529297060599)
    CV[62] (-3018.7339553353836, -29597.264239819335, 24800)
    CV[63] (-2965.2543816234383, -29514.120930244779, 25010.178597550541)
    CV[64] (-2911.4077393569619, -29430.406948685646, 25220.045007180262)
    CV[65] (-2857.0089271794777, -29345.834522852147, 25429.412996034443)
    CV[66] (-2802.6245263199316, -29261.284501921782, 25638.725519180221)
    CV[67] (-2747.6827810235704, -29175.867992015668, 25847.552746420468)
    CV[68] (-2692.220310916648, -29089.641924719261, 26055.891940343841)
    CV[69] (-2636.7635765043178, -29003.424774558836, 26264.209588707014)
    CV[70] (-2580.7814275539504, -28916.390776010154, 26472.058713215971)
    CV[71] (-2524.2620684495387, -28828.521590734206, 26679.393850696597)
    CV[72] (-2467.733865800104, -28740.63865662762, 26886.761429762752)
    CV[73] (-2410.6640111348579, -28651.913630146191, 27093.633920236742)
    CV[74] (-2353.0778393354458, -28562.385898774941, 27300)
    CV[75] (-2235.5191741872159, -28379.620483660805, 27721.283792806134)
    CV[76] (-2116.0988865069553, -28193.960852161828, 28139.406804530914)
    CV[77] (-1994.1526919913722, -28004.374258658681, 28556.407678937838)
    CV[78] (-1872.4764229034006, -27815.207311234069, 28972.485530369046)
    CV[79] (-1748.0385904841619, -27621.747032748171, 29388.290063036246)
    CV[80] (-1622.0897504449472, -27425.937629809763, 29800.000000000015)
    CV[81] (-1593.0235388496235, -27380.749142671735, 29895.013563760986)
    CV[82] (-1563.890966978935, -27335.457486930536, 29989.762911783269)
    CV[83] (-1534.670544275365, -27290.029251772423, 30084.311985924549)
