  
  Rhino 物体: 曲线
  开发人员除错信息
  使用 Rhino 的"What"指令。
  名称: ""
  ID:2756A36E-DD3F-451c-A5A5-07129A9B6D4C
  图层索引: 5
  渲染材质索引: -1 (从图层)
  ON_NurbsCurve dim = 3 is_rat = 0
          order = 4 cv_count = 86
  Knot Vector ( 88 knots )
  index                     value  mult       delta
      0                        0     3
      3       1250.9774716520624     3        1251
      6       2502.1473691572783     3        1251
      9       2922.6109063953058     3       420.5
     12       3342.9335431030654     3       420.3
     15       3763.2532330781564     3       420.3
     18       4183.7141013851024     3       420.5
     21        4604.040342088897     3       420.3
     24       5024.5677419123267     3       420.5
     27       5666.7335140941386     3       642.2
     30       6309.3516217415745     3       642.6
     33       6951.6447083212433     3       642.3
     36       7593.7707104342317     3       642.1
     39       8250.3661780736438     3       656.6
     42       8906.5333442457977     3       656.2
     45        9562.547245142805     3         656
     48        10218.77708533592     3       656.2
     51       10893.251527802364     3       674.5
     54       11568.230264645734     3         675
     57       12243.098179087248     3       674.9
     60       12580.477327365787     2       337.4
     62       12917.860835744557     3       337.4
     65       13263.907402883047     2         346
     67       13609.955749973473     3         346
     70       14301.763504720937     3       691.8
     73       14993.493190511246     3       691.7
     76       15685.460809930033     3         692
     79       17104.630584095448     3        1419
     82       18524.454680764851     3        1420
     85        19948.16522855396     3        1424
  Control Points  86 non-rational points
    index               value
    CV[ 0] (2510.7449083167403, -37269.197604126122, 12300)
    CV[ 1] (2505.6301836608309, -37279.569239739641, 12716.610159888231)
    CV[ 2] (2505.2462650149564, -37280.34774974129, 13134.044206635157)
    CV[ 3] (2509.6595395563759, -37271.398514252505, 13550.696634881733)
    CV[ 4] (2514.0803347171122, -37262.434028456344, 13968.059076582291)
    CV[ 5] (2523.3052471070537, -37243.7277566017, 14383.740837115922)
    CV[ 6] (2537.4338567062414, -37215.077770464297, 14799.999999999985)
    CV[ 7] (2542.1749824723206, -37205.463718457249, 14939.683740899092)
    CV[ 8] (2547.4687868883675, -37194.728945012699, 15079.446780888522)
    CV[ 9] (2553.3039865991418, -37182.896330511678, 15218.918643818946)
    CV[10] (2559.1404797159657, -37171.061093242635, 15358.421421501291)
    CV[11] (2565.5234061080873, -37158.11779890312, 15497.747593648528)
    CV[12] (2572.4556402264898, -37144.060618683143, 15636.993776331732)
    CV[13] (2579.3869541290237, -37130.005304476355, 15776.22147485176)
    CV[14] (2586.864165919158, -37114.843018857973, 15915.303644099746)
    CV[15] (2594.8867179710514, -37098.57489258131, 16054.231443974)
    CV[16] (2602.9115832198745, -37082.302075605287, 16193.199301844512)
    CV[17] (2611.482496524593, -37064.921982706444, 16332.019512099248)
    CV[18] (2620.5954596130641, -37046.4427215787, 16470.643959662244)
    CV[19] (2629.7038399994353, -37027.972753251546, 16609.198696139898)
    CV[20] (2639.3604717398016, -37008.391041155031, 16747.66048766267)
    CV[21] (2649.5475052284405, -36987.733780709001, 16885.830715686781)
    CV[22] (2659.7547216777666, -36967.035593267297, 17024.274692126804)
    CV[23] (2670.4617134739719, -36945.3239616746, 17161.981861538869)
    CV[24] (2681.7406241541757, -36922.452593309281, 17299.999999999989)
    CV[25] (2698.9092684196207, -36887.638026684748, 17510.089820604488)
    CV[26] (2717.3994940201046, -36850.143558215495, 17720.856505785145)
    CV[27] (2737.1169738746221, -36810.160464300236, 17929.800677981337)
    CV[28] (2756.896333375917, -36770.051890874063, 18139.400582637565)
    CV[29] (2777.9897532368309, -36727.278666632643, 18348.005488940304)
    CV[30] (2800.0038991561064, -36682.638394637994, 18556.458946700532)
    CV[31] (2821.9845478379484, -36638.066048321482, 18764.595216821825)
    CV[32] (2844.881742672319, -36591.635130262308, 18972.567744250864)
    CV[33] (2868.5436427638997, -36543.653543337627, 19179.758939213134)
    CV[34] (2892.2541638856446, -36495.57336271691, 19387.375875527556)
    CV[35] (2916.6400857822, -36446.12360480694, 19593.398460294407)
    CV[36] (2942.0271624243933, -36394.643705899565, 19800)
    CV[37] (2967.8919737565589, -36342.195056872166, 20010.489373027656)
    CV[38] (2994.7949881713912, -36287.641140251581, 20221.57164581012)
    CV[39] (3022.4271776279129, -36231.608602915359, 20430.909670456866)
    CV[40] (3050.1092438031383, -36175.474925598632, 20640.62555491041)
    CV[41] (3078.6233763015957, -36117.653984686796, 20849.350661731303)
    CV[42] (3108.0695871603962, -36057.942975830549, 21057.834588250742)
    CV[43] (3137.4766211077554, -35998.311409892005, 21266.041135912677)
    CV[44] (3167.7996409255343, -35936.822408350534, 21473.91076928698)
    CV[45] (3198.9431989261648, -35873.669519970164, 21680.822443443001)
    CV[46] (3230.1600180512437, -35810.368072725236, 21888.220850101141)
    CV[47] (3262.1005511594744, -35745.599078695937, 22093.987652654738)
    CV[48] (3295.0639623269353, -35678.755893146845, 22300.000000000007)
    CV[49] (3328.8413842990894, -35610.262056972409, 22511.09969330555)
    CV[50] (3363.6819217465381, -35539.612435869829, 22722.389068471635)
    CV[51] (3399.2807743459266, -35467.425103753412, 22931.953247702597)
    CV[52] (3434.9703159847022, -35395.053872456891, 23142.051297345562)
    CV[53] (3471.5464692251198, -35320.884770682183, 23351.148006762258)
    CV[54] (3509.0987719876989, -35244.736233487332, 23559.579892790221)
    CV[55] (3546.623261245541, -35168.64409650083, 23767.8574015677)
    CV[56] (3585.1152112768837, -35090.590143133544, 23975.430879196232)
    CV[57] (3624.378399285506, -35010.972273854903, 24182.062356567512)
    CV[58] (3644.0122419346576, -34971.158779414909, 24285.389929259229)
    CV[59] (3663.8473144668374, -34930.937231137861, 24388.525075580681)
    CV[60] (3703.8314147099049, -34849.857496459219, 24594.47541681767)
    CV[61] (3723.9814702856829, -34808.99722575381, 24697.296319953621)
    CV[62] (3744.2448023121497, -34767.907253129102, 24800)
    CV[63] (3765.0288163735754, -34725.761441783761, 24905.342730773795)
    CV[64] (3785.9326271188461, -34683.372706794202, 25010.566108910531)
    CV[65] (3827.9983754622681, -34598.071807336433, 25220.74527594031)
    CV[66] (3849.1609324665542, -34555.158386836833, 25325.704244149012)
    CV[67] (3870.4633060393003, -34511.961446382906, 25430.515498152428)
    CV[68] (3913.0500696178087, -34425.60403254148, 25640.049523990809)
    CV[69] (3956.2009222455467, -34338.102759261717, 25849.012834305482)
    CV[70] (3999.9143160225617, -34249.460765374213, 26057.350338496588)
    CV[71] (4043.6239715691459, -34160.826351868149, 26265.670026326836)
    CV[72] (4087.9018046938195, -34071.039788207345, 26473.396249657708)
    CV[73] (4132.7494921052112, -33980.09767436306, 26680.468331266726)
    CV[74] (4177.6138756745413, -33889.121704059638, 26887.617502874793)
    CV[75] (4223.0566177139635, -33796.972938794752, 27094.142681847785)
    CV[76] (4269.0628351561718, -33703.681558443408, 27300.000000000011)
    CV[77] (4363.3425662459231, -33512.501175844794, 27721.859776292837)
    CV[78] (4460.2342649298616, -33316.024246913061, 28142.036676331943)
    CV[79] (4559.2518561770685, -33115.236434306629, 28558.31093305262)
    CV[80] (4658.4116064935315, -32914.160351624159, 28975.182832678409)
    CV[81] (4759.9008722493609, -32708.360478920004, 29388.971352597211)
    CV[82] (4863.7222132891848, -32497.831625342777, 29800.000000000007)
    CV[83] (4967.8648826299595, -32286.651182428101, 30212.300786016971)
    CV[84] (5074.1501640478564, -32071.125952018498, 30621.01721567546)
    CV[85] (5182.8985974882617, -31850.605943403465, 31027.151223234323)
