  
  Rhino 物体: 曲线
  开发人员除错信息
  使用 Rhino 的"What"指令。
  名称: ""
  ID:903C2797-ECA1-4de8-B981-AA5CD8B06655
  图层索引: 5
  渲染材质索引: -1 (从图层)
  ON_NurbsCurve dim = 3 is_rat = 0
          order = 4 cv_count = 61
  Knot Vector ( 63 knots )
  index                     value  mult       delta
      0                        0     3
      3       1258.0398430440064     3        1258
      6       2516.3220988072771     3        1258
      9       2933.8736187423092     3       417.6
     12       3351.9303594584885     3       418.1
     15       3769.6786058335747     3       417.7
     18       4187.6120630453015     3       417.9
     21       4605.5542436030837     3       417.9
     24        5023.423802489845     3       417.9
     27        5655.444232367382     3         632
     30       6287.3873373984297     3       631.9
     33         6919.32475036293     3       631.9
     36       7551.4400168803913     3       632.1
     39       8191.3716119359879     3       639.9
     42       8831.6371268151197     3       640.3
     45       9471.5136301643379     3       639.9
     48       10111.506999908468     3         640
     51       10767.551308606649     3         656
     54       11423.871335304179     3       656.3
     57       12080.083607326847     3       656.2
     60         12260.6845307519     3       180.6
  Control Points  61 non-rational points
    index               value
    CV[ 0] (-21650.000575953007, 2303.8313692633201, 12299.999999999998)
    CV[ 1] (-21718.096503510042, 2268.7596619330475, 12712.475299923246)
    CV[ 2] (-21771.117486887324, 2241.4520610517202, 13127.185319436136)
    CV[ 3] (-21808.527746628584, 2222.1845111722346, 13544.605857134446)
    CV[ 4] (-21845.823946192035, 2202.9757061445748, 13960.753720943845)
    CV[ 5] (-21867.80011194964, 2191.6572370181084, 14381.792088255637)
    CV[ 6] (-21873.764520976052, 2188.5853645100633, 14799.999999999996)
    CV[ 7] (-21875.751239454523, 2187.5621372551564, 14939.303220558351)
    CV[ 8] (-21875.960146115314, 2187.4545432546138, 15078.212457691679)
    CV[ 9] (-21874.431020689335, 2188.2420946007105, 15217.522779406921)
    CV[10] (-21872.902484590079, 2189.0293424235988, 15356.779410761343)
    CV[11] (-21869.639279819559, 2190.7100033203055, 15496.253479974426)
    CV[12] (-21864.67509066678, 2193.2667287419908, 15635.408626752147)
    CV[13] (-21859.710114093697, 2195.8238597117838, 15774.585846336722)
    CV[14] (-21853.039738979172, 2199.2593286479264, 15913.552770057673)
    CV[15] (-21844.566304056669, 2203.6234344079257, 16052.515979638087)
    CV[16] (-21836.093068730403, 2207.9874373691082, 16191.475915866709)
    CV[17] (-21825.821323758046, 2213.2777336667809, 16330.358798466859)
    CV[18] (-21814.183528880036, 2219.2715918984572, 16469.026659752002)
    CV[19] (-21802.54362707039, 2225.2665352712324, 16607.71962576763)
    CV[20] (-21789.530128583403, 2231.9689274208408, 16746.27785203293)
    CV[21] (-21776.129342159315, 2238.8707859654278, 16884.763176112359)
    CV[22] (-21762.729944296745, 2245.771929353838, 17023.234150631521)
    CV[23] (-21748.940624519615, 2252.8738957247629, 17161.66143131295)
    CV[24] (-21734.513486283871, 2260.3043601882009, 17299.999999999993)
    CV[25] (-21712.692880352581, 2271.542710739348, 17509.23285984325)
    CV[26] (-21689.410295400103, 2283.5340299656232, 17718.293799284056)
    CV[27] (-21664.689709896902, 2296.2659681432046, 17927.108445552229)
    CV[28] (-21639.971008499891, 2308.996935942333, 18135.907176786099)
    CV[29] (-21613.80828607181, 2322.4716234439038, 18344.510429608003)
    CV[30] (-21586.211185508197, 2336.6850642303652, 18552.842777753074)
    CV[31] (-21558.613081301661, 2350.8990219269008, 18761.182702465281)
    CV[32] (-21529.573311565204, 2365.8554861630673, 18969.301702404144)
    CV[33] (-21499.114091154923, 2381.54301553614, 19177.127023997986)
    CV[34] (-21468.644921867912, 2397.2356689174394, 19385.02022745087)
    CV[35] (-21436.749974921371, 2413.6626460474131, 19592.669701607338)
    CV[36] (-21403.433763327994, 2430.8216225717824, 19799.999999999993)
    CV[37] (-21369.704086362563, 2448.1935477560819, 20009.903337008531)
    CV[38] (-21334.5065280866, 2466.3214814942717, 20219.529114537054)
    CV[39] (-21297.906557063514, 2485.1717052604872, 20428.813414516684)
    CV[40] (-21261.291654079865, 2504.0296194917496, 20638.18309775829)
    CV[41] (-21223.250860703407, 2523.6219155331441, 20847.349583295509)
    CV[42] (-21183.064263175147, 2544.3193733353028, 21055.891640436159)
    CV[43] (-21142.900481000423, 2565.005080458227, 21264.315300871116)
    CV[44] (-21100.561360163945, 2586.8111606141101, 21472.281066203159)
    CV[45] (-21056.147190384047, 2609.685961203807, 21679.610418839224)
    CV[46] (-21011.672974164347, 2632.5916877422133, 21887.220073675104)
    CV[47] (-20965.243900600246, 2656.504231973176, 22093.604185169672)
    CV[48] (-20916.50745141639, 2681.6051527391237, 22299.999999999993)
    CV[49] (-20866.654534067453, 2707.281092395835, 22511.12398769732)
    CV[50] (-20814.390407651281, 2734.1988863271217, 22722.247129869618)
    CV[51] (-20759.989422279352, 2762.2172349404764, 22931.945867156246)
    CV[52] (-20705.48758424327, 2790.287526089126, 23142.033359833589)
    CV[53] (-20648.728647765234, 2819.5202993246171, 23351.124206316217)
    CV[54] (-20589.624137339793, 2849.9611225266203, 23559.631073416906)
    CV[55] (-20530.593033301451, 2880.3641389549011, 23767.878979979894)
    CV[56] (-20469.163159016513, 2912.0026032441529, 23975.752518352125)
    CV[57] (-20405.662575788912, 2944.7075527199445, 24182.329773749112)
    CV[58] (-20388.125827202439, 2953.7395717556537, 24239.37953939609)
    CV[59] (-20370.460422697077, 2962.8378529438201, 24296.235156616382)
    CV[60] (-20352.643155745078, 2972.0143484316327, 24352.965442168774)
