  
  Rhino 物体: 曲线
  开发人员除错信息
  使用 Rhino 的"What"指令。
  名称: ""
  ID:4FBFA424-DCBF-4714-BCE4-6C2EB3CBE1D1
  图层索引: 5
  渲染材质索引: -1 (从图层)
  ON_NurbsCurve dim = 3 is_rat = 0
          order = 4 cv_count = 117
  Knot Vector ( 119 knots )
  index                     value  mult       delta
      0                        0     3
      3       1251.0383981248758     3        1251
      6       2501.9386425064722     3        1251
      9       2922.3682350347462     3       420.4
     12       3342.5178365832535     3       420.1
     15       3762.5126539676116     3         420
     18        4182.477523906663     3         420
     21       4602.5196350525466     3         420
     24       4812.6036012906625     2       210.1
     26       5022.6905326890128     3       210.1
     29       5664.3203093183256     3       641.6
     32       6306.1640990412952     3       641.8
     35       6948.1638477814813     3         642
     38       7269.0697262003778     2       320.9
     40       7589.9816437126638     3       320.9
     43       7916.7947474572175     2       326.8
     45        8243.609984837567     3       326.8
     48       8897.2069836891096     3       653.6
     51       9550.8315675698668     3       653.6
     54       10204.410780543869     3       653.6
     57        10870.35904556949     3       665.9
     60       11536.175340932303     3       665.8
     63       12201.955053358128     3       665.8
     66       12867.813704700566     3       665.9
     69       13207.269416794987     2       339.5
     71       13546.728136417983     3       339.5
     74       13886.200665361588     2       339.5
     76        14225.67640810724     3       339.5
     79       14904.551818970596     3       678.9
     82       15243.968183227858     2       339.4
     84       15583.384833758195     3       339.4
     87       16268.654215763896     2       685.3
     89       16953.926219289748     3       685.3
     92       17296.490949838226     2       342.6
     94       17639.055995470804     2       342.6
     96       17981.621352097602     2       342.6
     98       18324.187016446638     3       342.6
    101       18669.687855095959     2       345.5
    103        19015.18903849211     2       345.5
    105       19360.690574537453     2       345.5
    107       19706.192467291323     3       345.5
    110       20051.617063324968     2       345.4
    112       20397.041981554619     2       345.4
    114       20742.467218838068     2       345.4
    116       20979.924860855004     3       237.5
  Control Points  117 non-rational points
    index               value
    CV[ 0] (15707.408770640153, -42671.675616839508, 12300.000000000007)
    CV[ 1] (15704.175106343524, -42683.141325592835, 12716.613168444248)
    CV[ 2] (15703.76407220605, -42684.598742713344, 13134.080680192932)
    CV[ 3] (15706.216862891362, -42675.901802941342, 13550.767394553979)
    CV[ 4] (15708.673482479957, -42667.191286902336, 13968.10457335834)
    CV[ 5] (15713.99710090316, -42648.315159773781, 14383.670945095195)
    CV[ 6] (15722.243518847965, -42619.075567243446, 14799.999999999993)
    CV[ 7] (15725.011943271269, -42609.259474652674, 14939.76680923089)
    CV[ 8] (15728.106118989772, -42598.288355091208, 15079.463018275506)
    CV[ 9] (15731.527949078325, -42586.15546076461, 15219.025480418732)
    CV[10] (15734.947688778659, -42574.029978395563, 15358.502684171295)
    CV[11] (15738.696541369254, -42560.737549738769, 15497.887560036774)
    CV[12] (15742.77232232926, -42546.285920520953, 15637.11735686978)
    CV[13] (15746.846832187735, -42531.838798289209, 15776.303732525315)
    CV[14] (15751.249026012667, -42516.229796351421, 15915.377090366655)
    CV[15] (15755.977282512669, -42499.464663373161, 16054.274664216751)
    CV[16] (15760.705467222348, -42482.69978494419, 16193.170129149574)
    CV[17] (15765.76134689203, -42464.772987828961, 16331.931490123639)
    CV[18] (15771.143445084957, -42445.689507077346, 16470.495568945189)
    CV[19] (15776.52683875653, -42426.601432904929, 16609.093000336507)
    CV[20] (15782.237588004546, -42406.352643409606, 16747.53504916119)
    CV[21] (15788.270619925042, -42384.961125752059, 16885.760904891984)
    CV[22] (15791.288307733967, -42374.261211861289, 16954.900681577055)
    CV[23] (15794.387206856665, -42363.273344371803, 17023.994533020094)
    CV[24] (15800.748896906589, -42340.71649288683, 17162.074406982072)
    CV[25] (15804.011930543727, -42329.146648306902, 17231.065657378116)
    CV[26] (15807.356474351764, -42317.287790460818, 17299.999999999993)
    CV[27] (15817.549679905462, -42281.145409737102, 17510.092007874209)
    CV[28] (15828.564600380036, -42242.089447671358, 17721.01046359025)
    CV[29] (15840.243780296758, -42200.678199279741, 17930.049744749198)
    CV[30] (15851.958718365919, -42159.140162043084, 18139.729041605704)
    CV[31] (15864.394269856351, -42115.047022342435, 18348.45406825819)
    CV[32] (15877.613788385799, -42068.174145193181, 18556.916017598414)
    CV[33] (15890.822207244424, -42021.34062450807, 18765.20293340681)
    CV[34] (15904.806867519465, -41971.754759365867, 18973.126189535487)
    CV[35] (15919.369059458, -41920.12112140558, 19180.182172084424)
    CV[36] (15926.651659426876, -41894.298969645075, 19283.73154833429)
    CV[37] (15934.084327526523, -41867.94471642853, 19387.141628923146)
    CV[38] (15949.178693793758, -41814.42413062854, 19593.723691478124)
    CV[39] (15956.840906438059, -41787.255973848267, 19696.903815777485)
    CV[40] (15964.581884204508, -41759.808537010569, 19800)
    CV[41] (15972.465409786411, -41731.855663743634, 19904.994669954674)
    CV[42] (15980.430905785022, -41703.612145302024, 20009.907503448263)
    CV[43] (15996.543424572294, -41646.481462970558, 20219.539832987051)
    CV[44] (16004.690748894936, -41617.593229921855, 20324.263472759776)
    CV[45] (16012.938714984663, -41588.348148083685, 20428.876498930455)
    CV[46] (16029.433704274752, -41529.861327640851, 20638.090592140576)
    CV[47] (16046.334221213447, -41469.936614614293, 20846.888450410879)
    CV[48] (16063.614971621522, -41408.663695398653, 21055.231622159059)
    CV[49] (16080.897100762217, -41347.385887565884, 21263.591416421859)
    CV[50] (16098.562250546789, -41284.749990968696, 21471.537209935628)
    CV[51] (16116.612380248709, -41220.749058547335, 21679.003418710927)
    CV[52] (16134.661875364185, -41156.75037619978, 21886.462333619354)
    CV[53] (16153.099936332736, -41091.373943259037, 22093.479901486749)
    CV[54] (16171.919423166439, -41024.645076212706, 22300)
    CV[55] (16191.095734749499, -40956.65100403782, 22510.435799458792)
    CV[56] (16210.67156562126, -40887.240343316509, 22720.395951370207)
    CV[57] (16230.641311164365, -40816.432966522974, 22929.819175720455)
    CV[58] (16250.607826924897, -40745.637041674636, 23139.208529259518)
    CV[59] (16270.972107413267, -40673.430749483457, 23348.101621971513)
    CV[60] (16291.727268242428, -40599.838500144644, 23556.438964290763)
    CV[61] (16312.482042346372, -40526.247622030023, 23764.772424717474)
    CV[62] (16333.631906099467, -40451.255861686092, 23972.590381171212)
    CV[63] (16355.172868065421, -40374.877371678478, 24179.829203856611)
    CV[64] (16376.717188501758, -40298.486973433115, 24387.100337329644)
    CV[65] (16398.656003293469, -40220.697803710973, 24593.83270262997)
    CV[66] (16420.96137837314, -40141.608909244183, 24799.999999999993)
    CV[67] (16432.333314897493, -40101.287063749762, 24905.110154423095)
    CV[68] (16443.80159413712, -40060.623612753836, 25010.08128154041)
    CV[69] (16466.944980755954, -39978.563353495105, 25219.707820592183)
    CV[70] (16478.620692333287, -39937.164402907336, 25324.368602925268)
    CV[71] (16490.406706334077, -39895.374349426362, 25428.856503807943)
    CV[72] (16502.193454407738, -39853.581693119319, 25533.350912550977)
    CV[73] (16514.091024255755, -39811.396092439674, 25637.677731981028)
    CV[74] (16538.032559179042, -39726.50581275786, 25846.097028391363)
    CV[75] (16550.076967200403, -39683.799563187335, 25950.193188758916)
    CV[76] (16562.158074899777, -39640.963186373898, 26054.230064841046)
    CV[77] (16586.317786141335, -39555.299311818693, 26262.282252369179)
    CV[78] (16610.625317733389, -39469.111305835118, 26470.103692573335)
    CV[79] (16635.052140301952, -39382.500325953195, 26677.731066507527)
    CV[80] (16647.264868580536, -39339.197257767766, 26781.538947943474)
    CV[81] (16659.507423888983, -39295.788430911663, 26885.299430526884)
    CV[82] (16684.052760185834, -39208.757233045697, 27092.723113501623)
    CV[83] (16696.355594734021, -39165.13467212714, 27196.386795548318)
    CV[84] (16708.689461284739, -39121.40208002711, 27299.999999999996)
    CV[85] (16733.591106377873, -39033.107506464199, 27509.191435111446)
    CV[86] (16758.620309945945, -38944.360644664615, 27718.178874206915)
    CV[87] (16808.938344479498, -38765.946351751525, 28135.724018475226)
    CV[88] (16834.227700714997, -38676.277058171014, 28344.285972297304)
    CV[89] (16859.64325538183, -38586.160298704715, 28552.635900962501)
    CV[90] (16872.348503165656, -38541.110888077885, 28656.790128723198)
    CV[91] (16885.0852245811, -38495.949880370979, 28760.892496011031)
    CV[92] (16910.620410624266, -38405.40894003959, 28968.993789686268)
    CV[93] (16923.418938107909, -38360.028784544804, 29072.993219522854)
    CV[94] (16949.077530917537, -38269.05027682463, 29280.888398999003)
    CV[95] (16961.937656915095, -38223.451709474073, 29384.784649097066)
    CV[96] (16987.720116657514, -38132.034002738394, 29592.471735005187)
    CV[97] (17000.642510526723, -38086.21465016844, 29696.263083060116)
    CV[98] (17013.596801958491, -38040.282197372653, 29800.000000000022)
    CV[99] (17026.662137519415, -37993.956011793605, 29904.626149335505)
    CV[100] (17039.760072864083, -37947.514236100193, 30009.197323919998)
    CV[101] (17066.022336587277, -37854.395272772119, 30218.22578342292)
    CV[102] (17079.186738843218, -37807.717823187901, 30322.683627782295)
    CV[103] (17105.582155456774, -37714.126735322301, 30531.484327980044)
    CV[104] (17118.81324243854, -37667.212839535125, 30635.827756284438)
    CV[105] (17145.341099224515, -37573.1521542392, 30844.400530976327)
    CV[106] (17158.637937897172, -37526.005120541362, 30948.630443838498)
    CV[107] (17171.966593816025, -37478.745271398038, 31052.804704656308)
    CV[108] (17185.292320430406, -37431.49580878493, 31156.956070582848)
    CV[109] (17198.649812830045, -37384.133713193092, 31261.052529173357)
    CV[110] (17225.426602199928, -37289.190379531574, 31469.136870590552)
    CV[111] (17238.845966682089, -37241.608902082735, 31573.125259918383)
    CV[112] (17265.746345589509, -37146.227352975104, 31780.993148396828)
    CV[113] (17279.227422090593, -37098.427061212016, 31884.873155406018)
    CV[114] (17302.02896474507, -37017.578889224831, 32060.069585595542)
    CV[115] (17311.332863829874, -36984.589751395077, 32131.415768629937)
    CV[116] (17320.652122071151, -36951.546154104239, 32202.734623857752)
