  
  Rhino 物体: 曲线
  开发人员除错信息
  使用 Rhino 的"What"指令。
  名称: ""
  ID:18DB4FD0-71EE-4985-8725-CA59357D1FB4
  图层索引: 5
  渲染材质索引: -1 (从图层)
  ON_NurbsCurve dim = 3 is_rat = 0
          order = 4 cv_count = 64
  Knot Vector ( 66 knots )
  index                     value  mult       delta
      0                        0     3
      3       1260.5664118868858     3        1261
      6       2521.3961325171745     3        1261
      9       2938.4924890576131     3       417.1
     12       3356.1250011758375     3       417.6
     15       3773.4237884410391     3       417.3
     18       4190.9304071502002     3       417.5
     21       4608.4556752143126     3       417.5
     24       5025.8906554489477     3       417.4
     27       5656.8455062446765     3         631
     30       6287.8106763811174     3         631
     33       6918.8000617652015     3         631
     36       7549.9605493755089     3       631.2
     39       8189.3673151640105     3       639.4
     42       8829.1034609703111     3       639.7
     45       9468.5004578275402     3       639.4
     48       10108.041414545052     3       639.5
     51       10761.578812345615     3       653.5
     54        11415.33516525501     3       653.8
     57       12069.055751571428     3       653.7
     60       12722.904817539084     3       653.8
     63       12735.569966623792     3       12.67
  Control Points  64 non-rational points
    index               value
    CV[ 0] (-20916.374995993989, -251.65828335604363, 12300)
    CV[ 1] (-20989.621135238071, -293.09895510289084, 12711.987531103463)
    CV[ 2] (-21048.176810833727, -326.22816240743003, 13126.125112070169)
    CV[ 3] (-21091.598832536656, -350.79516029354556, 13543.659738902692)
    CV[ 4] (-21134.838109332319, -375.25876608563993, 13959.437139248066)
    CV[ 5] (-21163.374249145178, -391.40373720782071, 14381.520472647197)
    CV[ 6] (-21176.225842834479, -398.67481908324066, 14800)
    CV[ 7] (-21180.49843947007, -401.09213795505349, 14939.126264326218)
    CV[ 8] (-21183.034565821083, -402.5270092084117, 15077.766575639904)
    CV[ 9] (-21183.902151800143, -403.01786573875529, 15216.975589725364)
    CV[10] (-21184.769107469419, -403.50836565698023, 15356.083467087628)
    CV[11] (-21183.968291123532, -403.05528556754729, 15495.490135927745)
    CV[12] (-21181.518570251697, -401.66930018225912, 15634.573022397737)
    CV[13] (-21179.068240902321, -400.28297053694104, 15773.690455176296)
    CV[14] (-21174.965849174721, -397.96194896891097, 15912.617051849627)
    CV[15] (-21169.125352053255, -394.65755468210023, 16051.601486344272)
    CV[16] (-21163.285068246721, -391.35328108307186, 16190.580844652042)
    CV[17] (-21155.710307131398, -387.06768743703975, 16329.534573170606)
    CV[18] (-21146.802505539417, -382.02789577608718, 16468.296999145121)
    CV[19] (-21137.892719869367, -376.98698157777227, 16607.090332351203)
    CV[20] (-21127.643113092414, -371.18803306851737, 16745.78282622667)
    CV[21] (-21116.894259381137, -365.10662423385452, 16884.39711478661)
    CV[22] (-21106.146942861003, -359.02608510009605, 17022.991580148417)
    CV[23] (-21094.898337806724, -352.66193055932473, 17161.540671422008)
    CV[24] (-21082.926150381947, -345.88839281000156, 17299.999999999993)
    CV[25] (-21064.827809825219, -335.64884437899633, 17509.308791530711)
    CV[26] (-21045.0803955878, -324.47629494898524, 17718.357352378418)
    CV[27] (-21023.594268716282, -312.32002924020088, 17927.24311048758)
    CV[28] (-21002.11137500099, -300.16559276319828, 18136.097436208162)
    CV[29] (-20978.894421369296, -287.03007238844674, 18344.748853575347)
    CV[30] (-20953.986380256611, -272.93778075013847, 18553.100294005511)
    CV[31] (-20929.074472883527, -258.84330168693981, 18761.484075032837)
    CV[32] (-20902.471903483751, -243.79229207065134, 18969.559863668663)
    CV[33] (-20874.179520411511, -227.78523187699795, 19177.373152068125)
    CV[34] (-20845.884563142234, -211.7767152727339, 19385.205348466567)
    CV[35] (-20815.895137178948, -194.80951440662375, 19592.806950074799)
    CV[36] (-20784.248129943204, -176.904499177682, 19800.000000000007)
    CV[37] (-20752.178744863788, -158.76051406236166, 20009.958358916374)
    CV[38] (-20718.411506247296, -139.65592963313799, 20219.469231595278)
    CV[39] (-20682.918442380076, -119.57492025584027, 20428.699151342917)
    CV[40] (-20647.418934832353, -99.490265219517028, 20637.967056279995)
    CV[41] (-20610.19202139966, -78.428290955297797, 20846.959509753156)
    CV[42] (-20571.180854871607, -56.356834858978743, 21055.400887441538)
    CV[43] (-20532.18306011875, -34.292944149071786, 21263.770818118937)
    CV[44] (-20491.38483096116, -11.210416662697174, 21471.683043723609)
    CV[45] (-20448.766443669319, 12.901906749404276, 21679.114908949683)
    CV[46] (-20406.118966875747, 37.030688209739267, 21886.688358360123)
    CV[47] (-20361.712571423679, 62.154617967422425, 22093.470613152942)
    CV[48] (-20315.383540909163, 88.366322307275951, 22300.000000000007)
    CV[49] (-20268.086439629551, 115.1257347341094, 22510.844932830219)
    CV[50] (-20218.78565227037, 143.01877820230902, 22721.425706483009)
    CV[51] (-20167.497234459915, 172.03636887443338, 22931.035839497134)
    CV[52] (-20116.157040565744, 201.08325304532363, 23140.857575681261)
    CV[53] (-20062.779893010447, 231.28259014964624, 23349.891898646543)
    CV[54] (-20007.352196253985, 262.64207217386604, 23558.33610016157)
    CV[55] (-19951.963069174009, 293.97973252503635, 23766.635254599249)
    CV[56] (-19894.482562564306, 326.50063848455994, 23974.5093614217)
    CV[57] (-19835.12265250563, 360.08485975616321, 24181.359457346734)
    CV[58] (-19775.61909471835, 393.75035300236675, 24388.710119165684)
    CV[59] (-19714.461005887511, 428.3519348749337, 24594.216172304921)
    CV[60] (-19650.970162399833, 464.27332583228429, 24800)
    CV[61] (-19649.744776316486, 464.96661592193624, 24803.971669374412)
    CV[62] (-19648.518518999237, 465.6603989320119, 24807.943449637838)
    CV[63] (-19647.29139757232, 466.35467083181663, 24811.915325858441)
