  
  Rhino 物体: 曲线
  开发人员除错信息
  使用 Rhino 的"What"指令。
  名称: ""
  ID:0C3EE0A8-5183-4e4d-92DF-FA0F33A671F6
  图层索引: 5
  渲染材质索引: -1 (从图层)
  ON_NurbsCurve dim = 3 is_rat = 0
          order = 4 cv_count = 126
  Knot Vector ( 128 knots )
  index                     value  mult       delta
      0                        0     3
      3       1253.6583452139757     3        1254
      6       2507.1366888095981     3        1253
      9       2924.8674522173092     3       417.7
     12       3342.2867714243985     3       417.4
     15       3759.5494061231334     3       417.3
     18       4176.8118208595424     3       417.3
     21       4594.1110129713452     3       417.3
     24       5011.5855861754426     3       417.5
     27       5645.1471073799785     3       633.6
     30       6278.7839130750426     3       633.6
     33       6912.4538925412708     3       633.7
     36        7546.052745817813     3       633.6
     39       8187.6640805069937     3       641.6
     42       8829.1562989476279     3       641.5
     45       9470.7307759792329     3       641.6
     48       9791.4840885853482     2       320.8
     50       10112.239472730796     3       320.8
     53       10437.002183296587     2       324.8
     55       10761.767029297847     3       324.8
     58        11411.07903753238     3       649.3
     61       11735.684869131579     2       324.6
     63       12060.292873352346     3       324.6
     66        12384.96261041551     2       324.7
     68       12709.634484296936     3       324.7
     71       13038.458768716711     2       328.8
     73       13367.285191719986     3       328.8
     76       13696.115943533727     2       328.8
     78       14024.948831290989     3       328.8
     81       14682.562983292783     3       657.6
     84       15011.347843463422     2       328.8
     86       15340.132955848539     3       328.8
     89       16001.965697591973     2       661.8
     91       16332.883391863706     2       330.9
     93       16663.801351951071     3       330.9
     96       16994.653716959307     2       330.9
     98       17325.506332460969     2       330.9
    100        17656.35919025086     2       330.9
    102       17987.212288095117     3       330.9
    105       18320.058324533515     2       332.8
    107       18652.904627706233     2       332.8
    109       18985.751208254773     2       332.8
    111       19318.598069201649     3       332.8
    114       19651.381025597264     2       332.8
    116       19984.164234482367     2       332.8
    118       20316.947685858402     2       332.8
    120       20649.731375814506     3       332.8
    123       20984.634447453001     2       334.9
    125       21239.951513558517     3       255.3
  Control Points  126 non-rational points
    index               value
    CV[ 0] (33272.102405925005, -42985.624714424397, 12300.000000000015)
    CV[ 1] (33269.653830342693, -43036.601187956592, 12714.842886729555)
    CV[ 2] (33267.759176309009, -43076.045664124591, 13130.686347416166)
    CV[ 3] (33266.434572923856, -43103.622353973304, 13547.74722323499)
    CV[ 4] (33265.112128247274, -43131.154102039814, 13964.128414176785)
    CV[ 5] (33264.354712586333, -43146.922608297798, 14382.722740924233)
    CV[ 6] (33264.175793086339, -43150.647502567692, 14800.000000000011)
    CV[ 7] (33264.116074006983, -43151.890783800307, 14939.277237799073)
    CV[ 8] (33264.12078935805, -43151.792615718237, 15078.442365885548)
    CV[ 9] (33264.189965784251, -43150.352443609692, 15217.717703827984)
    CV[10] (33264.259067235216, -43148.913832397615, 15356.842091489445)
    CV[11] (33264.392437113973, -43146.137227851163, 15495.969938396609)
    CV[12] (33264.590305903446, -43142.017831585661, 15635.040662933185)
    CV[13] (33264.788119124227, -43137.89959219523, 15774.072331393341)
    CV[14] (33265.050387932839, -43132.439463017654, 15913.04191612819)
    CV[15] (33265.3771795141, -43125.636045343621, 16051.967835888834)
    CV[16] (33265.703958571263, -43118.832888406665, 16190.888431393527)
    CV[17] (33266.095187975283, -43110.687950793108, 16329.736678514824)
    CV[18] (33266.550952805119, -43101.199461259494, 16468.499370594764)
    CV[19] (33267.006718353368, -43091.710956769231, 16607.262281405459)
    CV[20] (33267.527095258542, -43080.877319562111, 16745.962691857079)
    CV[21] (33268.111447312491, -43068.711794745577, 16884.516065879623)
    CV[22] (33268.696342352865, -43056.534965588042, 17023.19818523862)
    CV[23] (33269.34468918213, -43043.037144560803, 17161.580661011529)
    CV[24] (33270.058653202505, -43028.173250527594, 17300)
    CV[25] (33271.140877930717, -43005.642600212974, 17509.815659110885)
    CV[26] (33272.374098131681, -42979.968401144492, 17719.760833057826)
    CV[27] (33273.746276859645, -42951.401248423754, 17928.837822196489)
    CV[28] (33275.119864484288, -42922.804764125685, 18138.129482987526)
    CV[29] (33276.635040511334, -42891.260575252163, 18346.908527113184)
    CV[30] (33278.305497186695, -42856.483625292283, 18555.261544329434)
    CV[31] (33279.975669331776, -42821.712598919381, 18763.579072601886)
    CV[32] (33281.800427951239, -42783.723263348089, 18971.390632182214)
    CV[33] (33283.716001925713, -42743.843258534347, 19178.783084228446)
    CV[34] (33285.631515631387, -42703.964508446385, 19386.169011183763)
    CV[35] (33287.638479321235, -42662.181876880626, 19593.204888840548)
    CV[36] (33289.693736445086, -42619.393832626076, 19800)
    CV[37] (33291.775096772355, -42576.062350273081, 20009.421553754219)
    CV[38] (33293.906419214647, -42531.690715248253, 20218.638370174776)
    CV[39] (33296.09891816981, -42486.045456933352, 20427.561819589228)
    CV[40] (33298.291052262408, -42440.407794629471, 20636.450501212184)
    CV[41] (33300.544587930082, -42393.491823504388, 20845.07181359555)
    CV[42] (33302.855732855314, -42345.376495163233, 21053.396578698586)
    CV[43] (33305.16723796726, -42297.253668156955, 21261.753810745169)
    CV[44] (33307.53676724463, -42247.922846039073, 21469.843595826635)
    CV[45] (33309.964936918186, -42197.371199608104, 21677.617951272681)
    CV[46] (33311.178942479361, -42172.097026817763, 21781.498345516942)
    CV[47] (33312.40764021653, -42146.516980144639, 21885.305679455356)
    CV[48] (33314.893941657858, -42094.755098447691, 22092.766057629862)
    CV[49] (33316.151588061133, -42068.572374478485, 22196.422648978591)
    CV[50] (33317.423670705975, -42042.089104881074, 22300.000000000007)
    CV[51] (33318.711662381575, -42015.274627911051, 22404.87271910908)
    CV[52] (33320.014530726556, -41988.150436122007, 22509.667664831788)
    CV[53] (33322.650175806906, -41933.279394913254, 22719.090112272868)
    CV[54] (33323.982999431188, -41905.531569321152, 22823.721297634929)
    CV[55] (33325.330691962226, -41877.474190519031, 22928.266853782123)
    CV[56] (33328.025167875188, -41821.378360333729, 23137.287439975295)
    CV[57] (33330.779191035406, -41764.042826258628, 23345.987397022185)
    CV[58] (33333.59249490613, -41705.473137276582, 23554.320808789009)
    CV[59] (33334.998988249012, -41676.19159449514, 23658.475770433473)
    CV[60] (33336.420408239508, -41646.599296406661, 23762.544800657663)
    CV[61] (33339.293117008434, -41586.79286707539, 23970.499594163557)
    CV[62] (33340.744457395318, -41556.577661404917, 24074.389077232368)
    CV[63] (33342.21068081991, -41526.052608334765, 24178.184820438903)
    CV[64] (33343.677202978979, -41495.521335962934, 24282.001711423236)
    CV[65] (33345.158633490755, -41464.679689162585, 24385.728695900154)
    CV[66] (33348.150169616689, -41402.399413541396, 24592.998907761212)
    CV[67] (33349.660327310856, -41370.959700475978, 24696.545670903539)
    CV[68] (33351.184578791144, -41339.226571303647, 24800.000000000011)
    CV[69] (33352.728343816656, -41307.087192992491, 24904.778756696265)
    CV[70] (33354.286664948566, -41274.644773608044, 25009.466023611152)
    CV[71] (33357.434397316421, -41209.112675315198, 25218.633303782932)
    CV[72] (33359.023870814846, -41176.021700174868, 25323.117174817864)
    CV[73] (33360.629616037506, -41142.591966808905, 25427.489587543627)
    CV[74] (33362.235407388565, -41109.16127310384, 25531.86499858553)
    CV[75] (33363.857487187008, -41075.391473016825, 25636.132865136482)
    CV[76] (33367.122656564155, -41007.414473843863, 25844.521660313967)
    CV[77] (33368.765792082719, -40973.206318344193, 25948.645050411382)
    CV[78] (33370.413834241714, -40938.89601234196, 26052.733822639944)
    CV[79] (33373.709678114086, -40870.280406133497, 26260.896180780768)
    CV[80] (33377.025280575501, -40801.253449261036, 26468.924154345976)
    CV[81] (33380.361271064598, -40731.802037550209, 26676.807808723352)
    CV[82] (33382.029161586142, -40697.07851190494, 26780.743110054034)
    CV[83] (33383.702135725202, -40662.24915130189, 26884.643161119293)
    CV[84] (33387.057954936892, -40592.384928828717, 27092.373516344192)
    CV[85] (33388.740806878071, -40557.349923963739, 27196.204236904581)
    CV[86] (33390.428569436313, -40522.212685807332, 27299.999999999993)
    CV[87] (33393.82598271843, -40451.48252354229, 27508.937627182957)
    CV[88] (33397.243467458247, -40380.334497054835, 27717.735046833488)
    CV[89] (33402.400852014383, -40272.963795810305, 28030.705196837149)
    CV[90] (33404.125169818719, -40237.065520278447, 28134.991942185839)
    CV[91] (33407.584122966829, -40165.054170137271, 28343.490574803855)
    CV[92] (33409.318765462616, -40128.940946631148, 28447.702905443588)
    CV[93] (33411.058469906595, -40092.722339297354, 28551.878220195144)
    CV[94] (33412.797837823928, -40056.510738053854, 28656.033383380563)
    CV[95] (33414.542259790564, -40020.193917427889, 28760.152069979453)
    CV[96] (33418.040965807559, -39947.354959152763, 28968.316963346791)
    CV[97] (33419.795257052399, -39910.832671723001, 29072.363581805414)
    CV[98] (33423.313630051794, -39837.584269926832, 29280.384426713896)
    CV[99] (33425.077718524743, -39800.85801569149, 29384.359058944097)
    CV[100] (33428.615772485107, -39727.199879356907, 29592.234840186746)
    CV[101] (33430.389744412059, -39690.267863194211, 29696.136402700631)
    CV[102] (33432.168781224951, -39653.230402042987, 29799.999999999993)
    CV[103] (33433.958539741223, -39615.969727594711, 29904.489551003415)
    CV[104] (33435.753446892428, -39578.60186460198, 30008.940998000271)
    CV[105] (33439.353812625923, -39503.646470189422, 30217.764357682292)
    CV[106] (33441.159279682768, -39466.058762339228, 30322.136720823921)
    CV[107] (33444.780841015126, -39390.662100402682, 30530.800792624632)
    CV[108] (33446.596943462238, -39352.852976193506, 30635.092966183944)
    CV[109] (33450.239647319453, -39277.01615167164, 30843.597100105297)
    CV[110] (33452.066256274076, -39238.988294290961, 30947.809522764874)
    CV[111] (33453.897951090243, -39200.854555234517, 31051.982792475825)
    CV[112] (33455.729300113664, -39162.728015177556, 31156.136396050348)
    CV[113] (33457.565722189516, -39124.49586011561, 31260.251440038122)
    CV[114] (33461.248366092914, -39047.827530647737, 31468.405731197054)
    CV[115] (33463.094595691495, -39009.391194458171, 31572.445386339881)
    CV[116] (33466.79677026924, -38932.316259243344, 31780.449122633763)
    CV[117] (33468.652721972758, -38893.677520224868, 31884.413607341598)
    CV[118] (33472.37449970669, -38816.194470275921, 32092.265312916152)
    CV[119] (33474.24033165053, -38777.350036235046, 32196.152954800837)
    CV[120] (33476.111314271038, -38738.398371143179, 32300.000000000018)
    CV[121] (33477.994218290602, -38699.198516496625, 32404.508730696929)
    CV[122] (33479.88236934907, -38659.889424650573, 32508.97661099277)
    CV[123] (33483.219435100626, -38590.415627235576, 32693.011649219985)
    CV[124] (33484.666106923163, -38560.297615602685, 32772.596919166266)
    CV[125] (33486.115900547651, -38530.114611712372, 32852.157361968173)
