  
  Rhino 物体: 曲线
  开发人员除错信息
  使用 Rhino 的"What"指令。
  名称: ""
  ID:FA356891-E656-481e-8F3D-D5297FA7EC79
  图层索引: 5
  渲染材质索引: -1 (从图层)
  ON_NurbsCurve dim = 3 is_rat = 0
          order = 4 cv_count = 120
  Knot Vector ( 122 knots )
  index                     value  mult       delta
      0                        0     3
      3       1252.9613446409285     3        1253
      6       2505.8018480041756     3        1253
      9       2923.4516205331456     3       417.6
     12       3340.8227167827081     3       417.4
     15       3758.0478788897285     3       417.2
     18       4175.2628846855296     3       417.2
     21       4592.5171920307639     3       417.3
     24       5009.9192626667109     3       417.4
     27       5642.5574598489693     3       632.6
     30        6275.249456267994     3       632.7
     33       6907.9408777222025     3       632.7
     36       7540.5730133094003     3       632.6
     39       8180.8099267045363     3       640.2
     42       8820.8073115456064     3         640
     45       9460.9417823193962     3       640.1
     48       9780.9835788908476     2         320
     50       10101.027615157082     3         320
     53       10425.037602101691     2         324
     55       10749.049895088261     3         324
     58       11396.942005423485     3       647.9
     61       11720.859983553628     2       323.9
     63       12044.780325790964     3       323.9
     66       12368.745070624267     2         324
     68       12692.712104573293     3         324
     71       13020.835120906982     2       328.1
     73       13348.960410659194     3       328.1
     76       13677.101240301554     2       328.1
     78       14005.244328357638     3       328.1
     81       14661.463832343428     3       656.2
     84       14989.546795840026     2       328.1
     86       15317.630017915992     3       328.1
     89       15978.045321998407     2       660.4
     91       16638.462681525925     3       660.4
     94        17298.70220486285     2       660.2
     96       17958.943729772829     3       660.2
     99       18291.055689305391     2       332.1
    101       18623.167920222117     2       332.1
    103       18955.280432423209     2       332.1
    105       19287.393229082307     3       332.1
    108       19619.415877848121     2         332
    110       19951.438782261073     2         332
    112       20283.461932948852     2         332
    114       20615.485325835209     3         332
    117       20949.630569421457     2       334.1
    119       21221.587358805558     3         272
  Control Points  120 non-rational points
    index               value
    CV[ 0] (35912.668275897922, -42649.733160150063, 12300.000000000015)
    CV[ 1] (35912.060128699501, -42696.189532325647, 12715.145572632911)
    CV[ 2] (35911.59301385923, -42731.872440880034, 13131.101826198719)
    CV[ 3] (35911.270563936225, -42756.504394575328, 13548.114710709488)
    CV[ 4] (35910.948594461319, -42781.099646833914, 13964.506248973245)
    CV[ 5] (35910.770136328967, -42794.732065820615, 14382.888917304514)
    CV[ 6] (35910.737933789853, -42797.192018190632, 14800.000000000007)
    CV[ 7] (35910.727183056442, -42798.013266851558, 14939.251443360099)
    CV[ 8] (35910.73273087867, -42797.589468641738, 15078.392832998074)
    CV[ 9] (35910.754614157493, -42795.917804695899, 15217.636669154424)
    CV[10] (35910.776475745326, -42794.247797724965, 15356.742485022054)
    CV[11] (35910.814624813065, -42791.33358995802, 15495.851356326664)
    CV[12] (35910.869109546431, -42787.171500487268, 15634.904927034389)
    CV[13] (35910.923580198832, -42783.01048666174, 15773.922560910054)
    CV[14] (35910.994377201925, -42777.602302699997, 15912.882694196564)
    CV[15] (35911.081524337111, -42770.945131941466, 16051.803156867332)
    CV[16] (35911.168666131853, -42764.288369139642, 16190.715106382049)
    CV[17] (35911.272140432957, -42756.383965969959, 16329.562488170868)
    CV[18] (35911.39196410335, -42747.230634273721, 16468.332274699991)
    CV[19] (35911.511793427206, -42738.076870709192, 16607.108608601404)
    CV[20] (35911.647982318282, -42727.673399598345, 16745.817363362694)
    CV[21] (35911.800427642527, -42716.028099351839, 16884.406818292598)
    CV[22] (35911.952972254716, -42704.375214498396, 17023.086536806943)
    CV[23] (35912.12169121128, -42691.486771273121, 17161.552901449566)
    CV[24] (35912.306938200003, -42677.335751462655, 17300)
    CV[25] (35912.587503425944, -42655.903370305881, 17509.684604072518)
    CV[26] (35912.906030162216, -42631.571108895245, 17719.361404028845)
    CV[27] (35913.260066523806, -42604.526266757202, 17928.395605049351)
    CV[28] (35913.614325624018, -42577.464409613414, 18137.561317953536)
    CV[29] (35914.004532259292, -42547.656519812081, 18346.31583431159)
    CV[30] (35914.433544154264, -42514.884295731448, 18554.664044311055)
    CV[31] (35914.862521890471, -42482.114681039209, 18762.995665219692)
    CV[32] (35915.330165644518, -42446.391368754259, 18970.856364749943)
    CV[33] (35915.821793464689, -42408.83591335619, 19178.374117708157)
    CV[34] (35916.313380815947, -42371.28354937875, 19385.874788603167)
    CV[35] (35916.829005490137, -42331.894973998023, 19593.060210245345)
    CV[36] (35917.358973360722, -42291.410721663575, 19800)
    CV[37] (35917.895339540446, -42250.43770241359, 20009.438176581793)
    CV[38] (35918.446521825928, -42208.332880657319, 20218.667117177632)
    CV[39] (35919.014981296008, -42164.908254551279, 20427.605191287239)
    CV[40] (35919.58324092866, -42121.498894028613, 20636.469814871773)
    CV[41] (35920.168833106145, -42076.765500187605, 20845.072730664568)
    CV[42] (35920.770849394205, -42030.777468331609, 21053.378356928981)
    CV[43] (35921.373012483724, -41984.77822231048, 21261.734778445905)
    CV[44] (35921.991718254649, -41937.515280647189, 21469.825373457228)
    CV[45] (35922.627079575614, -41888.98002130595, 21677.599488656197)
    CV[46] (35922.944748982714, -41864.713251281566, 21781.482866204566)
    CV[47] (35923.266591655323, -41840.127685451087, 21885.293412256171)
    CV[48] (35923.918482953763, -41790.329700921902, 22092.759921313544)
    CV[49] (35924.248543711634, -41765.116355455066, 22196.419726124859)
    CV[50] (35924.582701442785, -41739.590042147815, 22300.000000000007)
    CV[51] (35924.921004680182, -41713.74705356609, 22404.865273838306)
    CV[52] (35925.263529325501, -41687.581591580274, 22509.652787394461)
    CV[53] (35925.957072485413, -41634.601820826509, 22719.059400033879)
    CV[54] (35926.308104377589, -41607.786490144681, 22823.682488686176)
    CV[55] (35926.663360572536, -41580.648464921258, 22928.219242626285)
    CV[56] (35927.373726002836, -41526.383640719563, 23137.249506563152)
    CV[57] (35928.101012594496, -41470.826208787563, 23345.958070654626)
    CV[58] (35928.845204217476, -41413.977401299751, 23554.293872175749)
    CV[59] (35929.217284704973, -41385.554168155788, 23658.457482998019)
    CV[60] (35929.593622730681, -41356.805701615267, 23762.534102013695)
    CV[61] (35930.354781235728, -41298.66079379138, 23970.501781382918)
    CV[62] (35930.739616543637, -41269.263219754204, 24074.396880553835)
    CV[63] (35931.128661177478, -41239.544095256773, 24178.197309571777)
    CV[64] (35931.517764864533, -41209.820459683571, 24282.013494491286)
    CV[65] (35931.911084910898, -41179.774736368439, 24385.739135312208)
    CV[66] (35932.705819089926, -41119.06498238504, 24593.005043354864)
    CV[67] (35933.107248070977, -41088.399817446749, 24696.549098378138)
    CV[68] (35933.512646370917, -41057.431436188926, 24800.000000000007)
    CV[69] (35933.923250710708, -41026.06536548111, 24904.779396379967)
    CV[70] (35934.337954928655, -40994.386105030848, 25009.466801587791)
    CV[71] (35935.176112407389, -40930.35924463383, 25218.632752240937)
    CV[72] (35935.5995832962, -40898.010298083536, 25323.115405222547)
    CV[73] (35936.027629720847, -40865.311826293168, 25427.485669811344)
    CV[74] (35936.455703508633, -40832.611264232291, 25531.862606335355)
    CV[75] (35936.888357911157, -40799.560788952847, 25636.131287065182)
    CV[76] (35937.759535782534, -40733.011500344321, 25844.521303468828)
    CV[77] (35938.198072227773, -40699.511695748442, 25948.645237939752)
    CV[78] (35938.637949715194, -40665.909448923114, 26052.735196071335)
    CV[79] (35939.517620502927, -40598.711386326722, 26260.89519080444)
    CV[80] (35940.402691589661, -40531.100794821265, 26468.923529729862)
    CV[81] (35941.293405759738, -40463.059128108311, 26676.80855071792)
    CV[82] (35941.738728643359, -40429.040907398186, 26780.743078896572)
    CV[83] (35942.185458496293, -40394.91520828502, 26884.642616416328)
    CV[84] (35943.081641044839, -40326.45581207161, 27092.372648291079)
    CV[85] (35943.531095637743, -40292.121970036191, 27196.203568507273)
    CV[86] (35943.981900016392, -40257.685017852142, 27300)
    CV[87] (35944.889348061981, -40188.365050177279, 27508.93734257864)
    CV[88] (35945.802312853142, -40118.623658237964, 27717.736435263512)
    CV[89] (35947.639658241096, -39978.268820823512, 28135.037411726709)
    CV[90] (35948.564055556279, -39907.654098229366, 28343.542770679524)
    CV[91] (35949.494031663548, -39836.613211637625, 28551.900408895384)
    CV[92] (35950.423763310973, -39765.590999336739, 28760.203276804667)
    CV[93] (35951.359029109604, -39694.146033155215, 28968.363489282405)
    CV[94] (35953.240285246211, -39550.436853095671, 29384.397104592135)
    CV[95] (35954.18628951392, -39478.171575125314, 29592.273907939234)
    CV[96] (35955.137848665137, -39405.481959533579, 29800)
    CV[97] (35955.61650140828, -39368.917670433417, 29904.490260705432)
    CV[98] (35956.096572862691, -39332.245005961282, 30008.942801473167)
    CV[99] (35957.059621008324, -39258.677745941233, 30217.769173827532)
    CV[100] (35957.542600007044, -39221.782974123555, 30322.143464606565)
    CV[101] (35958.511482065391, -39147.770061436771, 30530.812271249033)
    CV[102] (35958.997387346593, -39110.651750862104, 30635.107260207129)
    CV[103] (35959.972084880399, -39036.194593931992, 30843.617937387917)
    CV[104] (35960.460879180995, -38998.85559112981, 30947.834095311249)
    CV[105] (35960.951071196876, -38961.409816839216, 31052.011560750987)
    CV[106] (35961.441131755913, -38923.974084538815, 31156.161088483295)
    CV[107] (35961.932586284725, -38886.431866869658, 31260.272527464731)
    CV[108] (35962.918190031989, -38811.141584155797, 31468.420451509552)
    CV[109] (35963.412341359493, -38773.393357999972, 31572.457351090612)
    CV[110] (35964.403317247532, -38697.692697383623, 31780.456357947311)
    CV[111] (35964.900143633728, -38659.740123460979, 31884.418875593816)
    CV[112] (35965.896515026951, -38583.627300136162, 32092.267388695065)
    CV[113] (35966.396061639301, -38545.466928102971, 32196.153812565346)
    CV[114] (35966.897027135303, -38507.198167529947, 32300.000000000022)
    CV[115] (35967.401195707782, -38468.684723904065, 32404.510159870417)
    CV[116] (35967.906809747401, -38430.060861025617, 32508.979842440422)
    CV[117] (35968.826618328174, -38359.796671911448, 32698.399569483343)
    CV[118] (35969.240315584007, -38328.19433330778, 32783.364176620133)
    CV[119] (35969.654991603667, -38296.517226924087, 32868.300743339205)
