  
  Rhino 物体: 曲线
  开发人员除错信息
  使用 Rhino 的"What"指令。
  名称: ""
  ID:2029348F-E4FA-402c-A419-5DF7B5CF6BFA
  图层索引: 5
  渲染材质索引: -1 (从图层)
  ON_NurbsCurve dim = 3 is_rat = 0
          order = 4 cv_count = 126
  Knot Vector ( 128 knots )
  index                     value  mult       delta
      0                        0     3
      3       1252.0178915211104     3        1252
      6       2504.0969583188307     3        1252
      9        2921.700749360426     3       417.6
     12       3339.0635127257888     3       417.4
     15       3756.2944479087441     3       417.2
     18       4173.5062121583278     3       417.2
     21       4590.7655905590855     3       417.3
     24        5008.142520119467     3       417.4
     27        5640.007090990448     3       631.9
     30        6271.892187238921     3       631.9
     33       6903.7512260752246     3       631.9
     36        7535.549959952732     3       631.8
     39       8174.6035092687425     3       639.1
     42       8813.3088249787324     3       638.7
     45        9452.208026019609     3       638.9
     48       9771.6411562394223     2       319.4
     50       10091.076746089231     3       319.4
     53       10414.476180708429     2       323.4
     55       10737.878159325144     3       323.4
     58       11384.638870527349     3       646.8
     61       11708.020720873586     2       323.4
     63       12031.405173188276     3       323.4
     66       12354.819748592216     2       323.4
     68       12678.236828516543     3       323.4
     71       13005.864991741195     2       327.6
     73       13333.495646533785     3       327.6
     76       13661.157952243993     2       327.7
     78       13988.822709301181     3       327.7
     81       14644.085820593831     3       655.3
     84       14971.694925579708     2       327.6
     86       15299.304288063959     3       327.6
     89         15958.7031359384     2       659.4
     91       16288.403873448004     2       329.7
     93        16618.10487559652     3       329.7
     96        16947.71744965373     2       329.6
     98       17277.330274075626     2       329.6
    100       17606.943341151757     2       329.6
    102       17936.556648568028     3       329.6
    105       18268.116112454489     2       331.6
    107       18599.675843753514     2       331.6
    109       18931.235853341303     2       331.6
    111       19262.796144227697     3       331.6
    114       19594.272533087002     2       331.5
    116       19925.749175205612     2       331.5
    118       20257.226059630942     2       331.5
    120       20588.703182591631     3       331.5
    123       20922.248698510142     2       333.5
    125       21187.698552552265     3       265.4
  Control Points  126 non-rational points
    index               value
    CV[ 0] (38525.311095345671, -42219.365119727256, 12300.000000000007)
    CV[ 1] (38526.183435663559, -42259.343909453324, 12715.496046545042)
    CV[ 2] (38526.840993075515, -42289.479338214755, 13131.589911572206)
    CV[ 3] (38527.279011313105, -42309.553429320542, 13548.524476836099)
    CV[ 4] (38527.716502596857, -42329.603370474673, 13964.957452785869)
    CV[ 5] (38527.935877839656, -42339.657195252621, 14383.08374877586)
    CV[ 6] (38527.933817027952, -42339.562749591671, 14800)
    CV[ 7] (38527.933128978795, -42339.531216746, 14939.197033270872)
    CV[ 8] (38527.907726942518, -42338.367057935677, 15078.408801083458)
    CV[ 9] (38527.857599698924, -42336.069758945625, 15217.579949096096)
    CV[10] (38527.807498896778, -42333.773671750016, 15356.67768619263)
    CV[11] (38527.732714652979, -42330.346358468305, 15495.771735068114)
    CV[12] (38527.633207300838, -42325.786001201923, 15634.806709825716)
    CV[13] (38527.533726445756, -42321.226858278678, 15773.804662008699)
    CV[14] (38527.409501150512, -42315.533693747246, 15912.78044433899)
    CV[15] (38527.260575170199, -42308.708512875237, 16051.678575519651)
    CV[16] (38527.111648604783, -42301.883305188356, 16190.577252405656)
    CV[17] (38526.937984375545, -42293.924386448016, 16329.435261611361)
    CV[18] (38526.739634774218, -42284.834153151358, 16468.197089070229)
    CV[19] (38526.541252623501, -42275.742428137528, 16606.981687496049)
    CV[20] (38526.318126235703, -42265.516690822209, 16745.707017806657)
    CV[21] (38526.070411848093, -42254.164101458628, 16884.317951776287)
    CV[22] (38525.822615330821, -42242.8077481461, 17022.974842176111)
    CV[23] (38525.550137006474, -42230.320243658833, 17161.554192614487)
    CV[24] (38525.252955503602, -42216.700608557498, 17300)
    CV[25] (38524.803121658479, -42196.085015838733, 17509.560855150998)
    CV[26] (38524.29633702193, -42172.859405368836, 17718.995425448175)
    CV[27] (38523.735232526597, -42147.144351079762, 17927.991195702387)
    CV[28] (38523.173982540327, -42121.422629035711, 18137.041157270789)
    CV[29] (38522.558067255508, -42093.195631892428, 18345.770269281169)
    CV[30] (38521.883594358289, -42062.284977437281, 18554.116635093153)
    CV[31] (38521.209125887683, -42031.374525850806, 18762.461633514064)
    CV[32] (38520.476261420947, -41997.787823720551, 18970.374170409279)
    CV[33] (38519.704715371663, -41962.428369806054, 19178.006745612347)
    CV[34] (38518.93327602974, -41927.073806220578, 19385.610604545876)
    CV[35] (38518.123208591467, -41889.948942088296, 19592.930246533568)
    CV[36] (38517.287263917067, -41851.638141045602, 19800)
    CV[37] (38516.441678711846, -41812.885520741918, 20009.457785117051)
    CV[38] (38515.569396185179, -41772.909379549987, 20218.702716180396)
    CV[39] (38514.667184312173, -41731.561595870531, 20427.657308833204)
    CV[40] (38513.765440438816, -41690.235260310699, 20636.503511562751)
    CV[41] (38512.833683107892, -41647.533427499613, 20845.092110422149)
    CV[42] (38511.873161663701, -41603.513354075301, 21053.380061371841)
    CV[43] (38510.912317825125, -41559.478505525862, 21261.737923166707)
    CV[44] (38509.922501255089, -41514.115855527052, 21469.829528244394)
    CV[45] (38508.903581172948, -41467.419410485956, 21677.600102808188)
    CV[46] (38508.394122659447, -41444.071257973053, 21781.485078598944)
    CV[47] (38507.87737076317, -41420.388854467463, 21885.296706367655)
    CV[48] (38506.829507817602, -41372.36597680916, 22092.763075493604)
    CV[49] (38506.298375293554, -41348.024518482322, 22196.422050089677)
    CV[50] (38505.760064099457, -41323.354066372543, 22300)
    CV[51] (38505.215064776952, -41298.377101685386, 22404.86483124697)
    CV[52] (38504.662667983626, -41273.061115719058, 22509.650772475252)
    CV[53] (38503.542999236044, -41221.747424830006, 22719.050863638058)
    CV[54] (38502.975703432145, -41195.748626893641, 22823.669420261947)
    CV[55] (38502.401015464537, -41169.411050899755, 22928.199775076209)
    CV[56] (38501.251719410109, -41116.739559796493, 23137.245955138456)
    CV[57] (38500.072802601004, -41062.710568760413, 23345.965239066863)
    CV[58] (38498.864293957675, -41007.325403197581, 23554.301479411064)
    CV[59] (38498.260006512501, -40979.631302387061, 23658.475309785033)
    CV[60] (38497.64826417523, -40951.595548717065, 23762.560212966338)
    CV[61] (38496.409958507458, -40894.84480489284, 23970.539796952613)
    CV[62] (38495.783368639066, -40866.128598524032, 24074.438921832098)
    CV[63] (38495.149436880776, -40837.075918113187, 24178.240991807255)
    CV[64] (38494.515435821922, -40808.020061702562, 24282.054409284512)
    CV[65] (38493.87408007044, -40778.627144509235, 24385.775288826324)
    CV[66] (38492.577238923433, -40719.193757721114, 24593.026634347185)
    CV[67] (38491.921726983914, -40689.152071632183, 24696.561254937642)
    CV[68] (38491.25928325094, -40658.792705954955, 24800.000000000004)
    CV[69] (38490.588204373795, -40628.037597233299, 24904.787098790108)
    CV[70] (38489.909962700542, -40596.954222221713, 25009.479750221315)
    CV[71] (38488.538224748976, -40534.088363565621, 25218.650195333343)
    CV[72] (38487.844696980057, -40502.304436726721, 25323.13249147225)
    CV[73] (38487.143203013031, -40470.155424206401, 25427.499148326948)
    CV[74] (38486.441628547305, -40438.002722483128, 25531.877781592379)
    CV[75] (38485.732077322333, -40405.484451068376, 25636.145249656653)
    CV[76] (38484.302864052916, -40339.984535955358, 25844.529977823295)
    CV[77] (38483.583179013236, -40307.001838400349, 25948.650046464252)
    CV[78] (38482.861267306522, -40273.917094142351, 26052.736715553285)
    CV[79] (38481.417580852431, -40207.753882383724, 26260.890306661124)
    CV[80] (38479.964926697357, -40141.179686718409, 26468.914730803535)
    CV[81] (38478.502868575029, -40074.174513346472, 26676.797992243708)
    CV[82] (38477.771886075134, -40040.674060533194, 26780.733002632951)
    CV[83] (38477.038559026747, -40007.066158586305, 26884.633555315024)
    CV[84] (38475.567390540418, -39939.643463154353, 27092.366998417045)
    CV[85] (38474.829545963374, -39905.828525805271, 27196.200310609383)
    CV[86] (38474.089475149754, -39871.911561481567, 27299.999999999993)
    CV[87] (38472.599887403696, -39803.644723349091, 27508.924257672392)
    CV[88] (38471.101202735539, -39734.96097919059, 27717.713783061161)
    CV[89] (38468.839017834223, -39631.286515639702, 28030.680135426592)
    CV[90] (38468.082598286506, -39596.620299459595, 28134.966947393521)
    CV[91] (38466.565065520052, -39527.072759207113, 28343.468290450037)
    CV[92] (38465.803949158566, -39492.19129110514, 28447.683264961401)
    CV[93] (38465.040527383404, -39457.204167392585, 28551.862448733507)
    CV[94] (38464.277306717493, -39422.226260386306, 28656.014188439476)
    CV[95] (38463.511784683564, -39387.142883179418, 28760.130679241425)
    CV[96] (38461.976247753111, -39316.770223794112, 28968.293548738944)
    CV[97] (38461.206229686257, -39281.480796321157, 29072.340340741728)
    CV[98] (38459.661731279382, -39210.697438296913, 29280.363853021445)
    CV[99] (38458.887247981809, -39175.203372202377, 29384.340980945821)
    CV[100] (38457.33377757472, -39104.008833240143, 29592.224061865054)
    CV[101] (38456.554787634224, -39068.308230630195, 29696.130430552425)
    CV[102] (38455.773487022969, -39032.501731481374, 29800.000000000015)
    CV[103] (38454.98757093084, -38996.483707844192, 29904.483171951517)
    CV[104] (38454.199306613955, -38960.358066592467, 30008.929434760332)
    CV[105] (38452.617964434998, -38887.886182442977, 30217.744857887006)
    CV[106] (38451.82488281461, -38851.539767303737, 30322.114471760429)
    CV[107] (38450.233870548982, -38778.624709367818, 30530.775480195614)
    CV[108] (38449.435936285714, -38742.055900759333, 30635.067342877162)
    CV[109] (38447.835276474791, -38668.698702093876, 30843.573248395296)
    CV[110] (38447.032547593597, -38631.910159262836, 30947.78775673205)
    CV[111] (38446.227497410138, -38595.015232657577, 31051.964266210263)
    CV[112] (38445.422648343461, -38558.129523103707, 31156.114750423483)
    CV[113] (38444.615484223621, -38521.137716167803, 31260.227832397279)
    CV[114] (38442.996687286664, -38446.949304805457, 31468.38049133755)
    CV[115] (38442.185051018241, -38409.752542207643, 31572.420478800941)
    CV[116] (38440.557351739153, -38335.156142292035, 31780.4272107289)
    CV[117] (38439.741285757613, -38297.756368821669, 31884.394360354687)
    CV[118] (38438.104658096723, -38222.750786971919, 32092.253825075612)
    CV[119] (38437.284093823684, -38185.144859725748, 32196.146561931062)
    CV[120] (38436.461186211767, -38147.431538782068, 32300.000000000011)
    CV[121] (38435.633141170372, -38109.482772784919, 32404.501797260546)
    CV[122] (38434.802709684249, -38071.42463757698, 32508.964075420659)
    CV[123] (38433.306997057996, -38002.877100166275, 32696.487816375025)
    CV[124] (38432.642609058719, -37972.428630028604, 32779.564701550669)
    CV[125] (38431.976671963406, -37941.909165825738, 32862.615350267355)
