  
  Rhino 物体: 曲线
  开发人员除错信息
  使用 Rhino 的"What"指令。
  名称: ""
  ID:DF55F756-52F8-4ce5-AAA8-B7E32AD1C2E5
  图层索引: 5
  渲染材质索引: -1 (从图层)
  ON_NurbsCurve dim = 3 is_rat = 0
          order = 4 cv_count = 120
  Knot Vector ( 122 knots )
  index                     value  mult       delta
      0                        0     3
      3       1251.6342250835091     3        1252
      6       2503.2603067086129     3        1252
      9       2920.8084210417137     3       417.5
     12       3338.1335406940789     3       417.3
     15       3755.3302633972439     3       417.2
     18        4172.495568860777     3       417.2
     21       4589.7258657690236     3       417.2
     24       5007.0545653633308     3       417.3
     27       5638.2135526908751     3       631.2
     30       6269.3894704235136     3       631.2
     33       6900.5629980199783     3       631.2
     36       7531.6847474183014     3       631.1
     39       8169.7358495464414     3       638.1
     42        8807.353175668015     3       637.6
     45       9445.2009427990233     3       637.8
     48       9764.1067406177172     2       318.9
     50       10083.015168419401     3       318.9
     53       10405.872354423922     2       322.9
     55       10728.732273992975     3       322.9
     58       11374.458939154556     3       645.7
     61       11697.342572212414     2       322.9
     63       12020.228969473295     3       322.9
     66       12343.119664413602     2       322.9
     68       12666.013056437747     3       322.9
     71       12993.172347892354     2       327.2
     73       13320.334353517024     3       327.2
     76       13647.532726041556     2       327.2
     78       13974.733757014186     3       327.2
     81       14629.068856306794     3       654.3
     84       14956.224165191525     2       327.2
     86       15283.379729343196     3       327.2
     89       15941.778658678184     2       658.4
     91        16600.17958098085     3       658.4
     94       17258.460790223588     2       658.3
     96       17916.743974575929     3       658.3
     99       18247.761305791093     2         331
    101       18578.778898406847     2         331
    103       18909.796767178592     2         331
    105       19240.814914572155     3         331
    108       19571.785324985223     2         331
    110       19902.755988519533     2         331
    112        20233.72689081233     2         331
    114        20564.69802863248     3         331
    117       20897.655959190706     2         333
    119       21129.548961738215     3       231.9
  Control Points  120 non-rational points
    index               value
    CV[ 0] (41424.146097796402, -41579.750213036168, 12300.000000000007)
    CV[ 1] (41426.350940446915, -41615.799071381531, 12715.72238523584)
    CV[ 2] (41427.995239199045, -41642.683118086774, 13131.908064856985)
    CV[ 3] (41429.068478549612, -41660.230426195449, 13548.82723604206)
    CV[ 4] (41430.140452735424, -41677.757049043343, 13965.254931171168)
    CV[ 5] (41430.644738134877, -41686.002042365595, 14383.203298316965)
    CV[ 6] (41430.573145509756, -41684.831513302648, 14800.000000000004)
    CV[ 7] (41430.549238999949, -41684.440645326067, 14939.17850362653)
    CV[ 8] (41430.461023690761, -41682.998337783887, 15078.366983895168)
    CV[ 9] (41430.308581040423, -41680.505922505756, 15217.517659580795)
    CV[10] (41430.156213255366, -41678.0147312642, 15356.599997731684)
    CV[11] (41429.939717738875, -41674.475060891491, 15495.676412395676)
    CV[12] (41429.658980477798, -41669.885047289077, 15634.699145977749)
    CV[13] (41429.378317589901, -41665.296249677456, 15773.685049524565)
    CV[14] (41429.033363550901, -41659.656301046547, 15912.649086046291)
    CV[15] (41428.624233228009, -41652.967079458991, 16051.543435611569)
    CV[16] (41428.215116120235, -41646.278073936781, 16190.433298817106)
    CV[17] (41427.741737565295, -41638.538403050799, 16329.285355166132)
    CV[18] (41427.204223618377, -41629.750127784631, 16468.05176749036)
    CV[19] (41426.666602785386, -41620.960104946607, 16606.845773884037)
    CV[20] (41426.064698730646, -41611.119060733145, 16745.585950234479)
    CV[21] (41425.398854349129, -41600.232601427779, 16884.224716225632)
    CV[22] (41424.732824308412, -41589.34310662136, 17022.902139240945)
    CV[23] (41424.002675881042, -41577.405285469707, 17161.509979891453)
    CV[24] (41423.208344077007, -41564.418075395341, 17300)
    CV[25] (41422.006940384279, -41544.775298834793, 17509.46211736634)
    CV[26] (41420.658518255637, -41522.728792117232, 17718.689618234046)
    CV[27] (41419.167628009163, -41498.352952285029, 17927.651680951883)
    CV[28] (41417.676765361321, -41473.977563686392, 18136.609875466744)
    CV[29] (41416.043342545454, -41447.271336965699, 18345.316282146938)
    CV[30] (41414.257883158185, -41418.079334298833, 18553.654521915374)
    CV[31] (41412.472226689715, -41388.884109382845, 18762.015758314614)
    CV[32] (41410.534782474482, -41357.207176767639, 18969.97572833997)
    CV[33] (41408.491752925191, -41323.803939216188, 19177.698875317765)
    CV[34] (41406.449044770867, -41290.405956426061, 19385.389344757703)
    CV[35] (41404.301122923083, -41255.287744969595, 19592.81979158942)
    CV[36] (41402.076664235035, -41218.918167248194, 19800.000000000007)
    CV[37] (41399.827675694978, -41182.147529995309, 20009.46485405472)
    CV[38] (41397.499797431483, -41144.087057177981, 20218.717123966271)
    CV[39] (41395.085900493956, -41104.620191484923, 20427.682230442755)
    CV[40] (41392.673574555774, -41065.17901140391, 20636.511339378951)
    CV[41] (41390.175027858815, -41024.328134390809, 20845.088803829971)
    CV[42] (41387.593066570233, -40982.11344087308, 21053.365671030449)
    CV[43] (41385.010084677582, -40939.882060626507, 21261.724866427994)
    CV[44] (41382.343085738816, -40896.277013831277, 21469.820086342948)
    CV[45] (41379.591831997779, -40851.294413208678, 21677.593373495911)
    CV[46] (41378.216211518171, -40828.803217387853, 21781.479534434002)
    CV[47] (41376.819476151737, -40805.966796222325, 21885.292609495384)
    CV[48] (41373.98436948302, -40759.613212363663, 22092.761304735439)
    CV[49] (41372.545935898495, -40736.095031364952, 22196.421466789572)
    CV[50] (41371.086652943683, -40712.235966178559, 22300)
    CV[51] (41369.609276890944, -40688.081081458695, 22404.862764303853)
    CV[52] (41368.11041637879, -40663.574928935515, 22509.646345989404)
    CV[53] (41365.0695563154, -40613.857306841754, 22719.040421403937)
    CV[54] (41363.527487216859, -40588.644700182784, 22823.655650787914)
    CV[55] (41361.964014985584, -40563.082155399956, 22928.181983498347)
    CV[56] (41358.837045938089, -40511.956663874123, 23137.236292551406)
    CV[57] (41355.624298578121, -40459.4287093495, 23345.962603233398)
    CV[58] (41352.326202389646, -40405.505313826812, 23554.302599282684)
    CV[59] (41350.676962286998, -40378.540476755712, 23658.484726435614)
    CV[60] (41349.006217756934, -40351.224045407565, 23762.57757629898)
    CV[61] (41345.62183996856, -40295.889958209496, 23970.570941213547)
    CV[62] (41343.90812915712, -40267.871034377022, 24074.476201521065)
    CV[63] (41342.173097148661, -40239.503512058058, 24178.282814488277)
    CV[64] (41340.438012083003, -40211.135122261563, 24282.09260185697)
    CV[65] (41338.681569396795, -40182.417538458925, 24385.808594615552)
    CV[66] (41335.127516898458, -40124.309294301042, 24593.046171639857)
    CV[67] (41333.329828601374, -40094.917350728254, 24696.572252960355)
    CV[68] (41331.511884908519, -40065.194234364812, 24800.000000000007)
    CV[69] (41329.669894553015, -40035.077958546077, 24904.795826893431)
    CV[70] (41327.806965680946, -40004.61934101057, 25009.495019104197)
    CV[71] (41324.03651698614, -39942.973050347922, 25218.672692302654)
    CV[72] (41322.128902898949, -39911.783836010552, 25323.156088596927)
    CV[73] (41320.197993296766, -39880.213743373184, 25427.520437734107)
    CV[74] (41318.266830774162, -39848.639515523508, 25531.898457047871)
    CV[75] (41316.312338194053, -39816.683844609062, 25636.162271791585)
    CV[76] (41312.374200739847, -39752.295866990869, 25844.537207744583)
    CV[77] (41310.390487620411, -39719.862444485872, 25948.651355497372)
    CV[78] (41308.40068011183, -39687.329379600051, 26052.733254476596)
    CV[79] (41304.42144413304, -39622.269447051025, 26260.877225877)
    CV[80] (41300.4176595967, -39556.808149137622, 26468.896761493925)
    CV[81] (41296.387646029776, -39490.918010368885, 26676.777757121414)
    CV[82] (41294.372705175061, -39457.97401891007, 26780.714854119145)
    CV[83] (41292.351225517144, -39424.923118964834, 26884.618128440441)
    CV[84] (41288.295686990074, -39358.615650790613, 27092.358309372921)
    CV[85] (41286.261619506753, -39325.358941721141, 27196.195634246644)
    CV[86] (41284.221352828987, -39292.000876719416, 27299.999999999993)
    CV[87] (41280.115321450088, -39224.867857722966, 27508.906015911682)
    CV[88] (41275.98396467117, -39157.320772100371, 27717.680016089827)
    CV[89] (41267.668481748791, -39021.363829379028, 28134.942121203421)
    CV[90] (41263.484279505763, -38952.952728063741, 28343.433620184333)
    CV[91] (41259.274138069683, -38884.11752469471, 28551.782134362562)
    CV[92] (41255.064735569387, -38815.294402818836, 28760.094080607167)
    CV[93] (41250.829604699036, -38746.050625815078, 28968.268008230916)
    CV[94] (41242.309870156663, -38606.754198657334, 29384.340340403971)
    CV[95] (41238.025202840174, -38536.700507925685, 29592.242073126487)
    CV[96] (41233.715083596107, -38466.230681860594, 29800.000000000004)
    CV[97] (41231.54772751264, -38430.794723462554, 29904.471681918909)
    CV[98] (41229.373875401106, -38395.252555945663, 30008.907406271963)
    CV[99] (41225.012808628228, -38323.949745155347, 30217.703475869082)
    CV[100] (41222.825583680627, -38288.188933703263, 30322.06426636182)
    CV[101] (41218.437628806663, -38216.446506350301, 30530.709123149765)
    CV[102] (41216.236888938089, -38180.464727895494, 30634.993652039775)
    CV[103] (41211.822024115158, -38108.282326770241, 30843.486136640775)
    CV[104] (41209.607889968407, -38072.081553805489, 30947.694555225029)
    CV[105] (41207.387252099572, -38035.774445925446, 31051.865471077683)
    CV[106] (41205.166927339546, -37999.472457329037, 31156.021698884502)
    CV[107] (41202.940115428224, -37963.064404747434, 31260.141011648306)
    CV[108] (41198.474008337616, -37890.044199959346, 31468.30729907591)
    CV[109] (41196.23470355702, -37853.431890772779, 31572.354682909689)
    CV[110] (41191.743764914601, -37780.005693705054, 31780.377583562036)
    CV[111] (41189.492122859134, -37743.191671858898, 31884.35350174734)
    CV[112] (41184.976353342478, -37669.359493589844, 32092.232119053471)
    CV[113] (41182.712218801622, -37632.341221415249, 32196.135233558423)
    CV[114] (41180.441593681186, -37595.216829203535, 32300.000000000015)
    CV[115] (41178.15733125015, -37557.869468936493, 32404.488575307176)
    CV[116] (41175.866462188598, -37520.414091216117, 32508.93860899219)
    CV[117] (41171.968576863153, -37456.684230079758, 32686.065785994761)
    CV[118] (41170.365048563835, -37430.466774379864, 32758.763935619962)
    CV[119] (41168.758220331787, -37404.195365256921, 32831.442433508295)
