  
  Rhino 物体: 曲线
  开发人员除错信息
  使用 Rhino 的"What"指令。
  名称: ""
  ID:AF0A69AD-4303-400d-9D29-3236A03C602C
  图层索引: 5
  渲染材质索引: -1 (从图层)
  ON_NurbsCurve dim = 3 is_rat = 0
          order = 4 cv_count = 126
  Knot Vector ( 128 knots )
  index                     value  mult       delta
      0                        0     3
      3       1251.7203095771674     3        1252
      6       2503.5053464458797     3        1252
      9       2920.9509813456912     3       417.4
     12       3338.1804985705976     3       417.2
     15       3755.2867325658608     3       417.1
     18        4172.360682750771     3       417.1
     21       4589.5273795427711     3       417.2
     24       5006.7915891083758     3       417.3
     27       5637.4682546864824     3       630.7
     30       6268.1502240760583     3       630.7
     33       6898.8647013713644     3       630.7
     36       7529.5294317158941     3       630.7
     39       8166.8759030764877     3       637.3
     42       8803.7910500248781     3       636.9
     45       9440.9481005985981     3       637.2
     48       9759.5048341850652     2       318.6
     50       10078.064255893778     3       318.6
     53       10400.509888743902     2       322.4
     55       10722.958326752097     3       322.4
     58       11367.864557693854     3       644.9
     61        11690.34950728309     2       322.5
     63       12012.837223710434     3       322.5
     66          12335.312594346     2       322.5
     68       12657.790780755729     3       322.5
     71       12984.545130955892     2       326.8
     73       13311.302371594171     3       326.8
     76       13638.092565292493     2       326.8
     78       13964.885573389189     3       326.8
     81       14618.405941481207     3       653.5
     84       14945.162914453447     2       326.8
     86       15271.920142005802     3       326.8
     89       15929.435698531322     2       657.5
     91       16258.194789702626     2       328.8
     93       16586.954147688357     3       328.8
     96       16915.690170313086     2       328.7
     98       17244.426447056114     2       328.7
    100       17573.162962258179     2       328.7
    102       17901.899714733754     3       328.7
    105       18232.449612570934     2       330.5
    107       18562.999769099508     2       330.6
    109       18893.550202511648     2       330.6
    111       19224.100914837552     3       330.6
    114       19554.646337600636     2       330.5
    116        19885.19201573258     2       330.5
    118       20215.737932195734     2       330.5
    120       20546.284084117458     3       330.5
    123       20878.745506314852     2       332.5
    125       21049.562219761941     3       170.8
  Control Points  126 non-rational points
    index               value
    CV[ 0] (44269.512312438892, -40770.786799392292, 12300.000000000004)
    CV[ 1] (44273.206630696019, -40807.475106182988, 12715.7037639727)
    CV[ 2] (44275.996581457141, -40835.1821314935, 13131.820059140951)
    CV[ 3] (44277.866061441418, -40853.747953501414, 13548.740014215498)
    CV[ 4] (44279.733146910199, -40872.289995555046, 13965.125959136001)
    CV[ 5] (44280.686065482805, -40881.753438200009, 14383.196386465546)
    CV[ 6] (44280.705999775077, -40881.951405830201, 14800.000000000004)
    CV[ 7] (44280.712654604424, -40882.017494998392, 14939.144990969808)
    CV[ 8] (44280.61520604018, -40881.049732458217, 15078.303003582045)
    CV[ 9] (44280.414321474265, -40879.054746084286, 15217.427771973695)
    CV[10] (44280.213532513357, -40877.060709164514, 15356.486328087356)
    CV[11] (44279.909496910353, -40874.041328942687, 15495.542484377942)
    CV[12] (44279.501941188762, -40869.993889521545, 15634.550230623696)
    CV[13] (44279.094489108393, -40865.947479362279, 15773.522627267534)
    CV[14] (44278.583445092481, -40860.87229678889, 15912.477251666258)
    CV[15] (44277.969089062695, -40854.771121705788, 16051.36808123083)
    CV[16] (44277.354755105371, -40848.6701658245, 16190.253920753135)
    CV[17] (44276.636985368445, -40841.54198831493, 16329.106660400266)
    CV[18] (44275.815999358449, -40833.388769098477, 16467.880311827132)
    CV[19] (44274.994796758241, -40825.233398922741, 16606.690574127351)
    CV[20] (44274.070141925578, -40816.050643725532, 16745.45233030399)
    CV[21] (44273.042641118918, -40805.846524264562, 16884.1199007994)
    CV[22] (44272.014857658076, -40795.639597762434, 17022.825617219809)
    CV[23] (44270.884001293161, -40784.409053352116, 17161.46775722985)
    CV[24] (44269.649892985624, -40772.153113000299, 17300)
    CV[25] (44267.784238879933, -40753.625285825969, 17509.425093337421)
    CV[26] (44265.682978540368, -40732.75765109084, 17718.55020091981)
    CV[27] (44263.350548997027, -40709.594272979361, 17927.508471765243)
    CV[28] (44261.01857137074, -40686.435382860094, 18136.426256154471)
    CV[29] (44258.456095044108, -40660.987408140121, 18345.125224004754)
    CV[30] (44255.644089065012, -40633.061352267818, 18553.45422824163)
    CV[31] (44252.831514768899, -40605.129652434298, 18761.825336556041)
    CV[32] (44249.769640822495, -40574.722155602183, 18969.801703915047)
    CV[33] (44246.536567632269, -40542.614477588504, 19177.561484811296)
    CV[34] (44243.304028191676, -40510.512100247077, 19385.286966543834)
    CV[35] (44239.901037158088, -40476.716966650863, 19592.765688255411)
    CV[36] (44236.371237292915, -40441.66249344367, 19800.000000000007)
    CV[37] (44232.803874690799, -40406.234984368697, 20009.43961749423)
    CV[38] (44229.105868520659, -40369.510052881793, 20218.672402226664)
    CV[39] (44225.266034104221, -40331.37662384547, 20427.624702747627)
    CV[40] (44221.428685035025, -40293.267876814214, 20636.441758107787)
    CV[41] (44217.449236385073, -40253.747937608692, 20845.014446615813)
    CV[42] (44213.331571631497, -40212.85537307417, 21053.291551522096)
    CV[43] (44209.212202338997, -40171.945880748775, 21261.654874334159)
    CV[44] (44204.953615509614, -40129.653817851919, 21469.759776339433)
    CV[45] (44200.555176619622, -40085.972882922986, 21677.54676177325)
    CV[46] (44198.355990749733, -40064.132748893193, 21781.438668366016)
    CV[47] (44196.121762604867, -40041.944609725433, 21885.258652041288)
    CV[48] (44191.584111036856, -39996.88115247852, 22092.742965620109)
    CV[49] (44189.280585569919, -39974.004821001559, 22196.41195094612)
    CV[50] (44186.942349840683, -39950.783781607388, 22300.000000000007)
    CV[51] (44184.575549582602, -39927.279067628457, 22404.853509066394)
    CV[52] (44182.172993543238, -39903.419262674237, 22509.628693327493)
    CV[53] (44177.296241154916, -39854.988192227058, 22719.00770876095)
    CV[54] (44174.821930649341, -39830.415793043721, 22823.616393679069)
    CV[55] (44172.312167916098, -39805.491317478707, 22928.137212467554)
    CV[56] (44167.292582135786, -39755.641767371519, 23137.181361855994)
    CV[57] (44162.13092785902, -39704.381333788668, 23345.901995231237)
    CV[58] (44156.829445391035, -39651.732265220751, 23554.244129043575)
    CV[59] (44154.178299253603, -39625.403709837192, 23658.431108187011)
    CV[60] (44151.491921299748, -39598.725266977679, 23762.530848654849)
    CV[61] (44146.048097780964, -39544.662608194463, 23970.53994894151)
    CV[62] (44143.290525244229, -39517.2771313126, 24074.45412143366)
    CV[63] (44140.49722229757, -39489.536815418367, 24178.269418431268)
    CV[64] (44137.703977224788, -39461.797074270144, 24282.082564500666)
    CV[65] (44134.874944210293, -39433.701922761029, 24385.801857515828)
    CV[66] (44129.147507548754, -39376.822699386641, 24593.044257584716)
    CV[67] (44126.248971514207, -39348.037312780092, 24696.572095051302)
    CV[68] (44123.316109018451, -39318.911029788142, 24800.000000000004)
    CV[69] (44120.344306642677, -39289.39803450858, 24904.801126575971)
    CV[70] (44117.337015909674, -39259.532604044223, 25009.504247549346)
    CV[71] (44111.246886347908, -39199.051474318498, 25218.685993116123)
    CV[72] (44108.163885391041, -39168.434164961385, 25323.169858889181)
    CV[73] (44105.041422449431, -39137.424958290198, 25427.53248418064)
    CV[74] (44101.918578566969, -39106.41196849203, 25531.907841725046)
    CV[75] (44098.756212352469, -39075.006482070261, 25636.16709119155)
    CV[76] (44092.382742094196, -39011.71149341952, 25844.531930238118)
    CV[77] (44089.17152165575, -38979.820835274033, 25948.640704896712)
    CV[78] (44085.950623330464, -38947.834065950126, 26052.718636071426)
    CV[79] (44079.509425172815, -38883.866470940695, 26260.855159125247)
    CV[80] (44073.029237149785, -38819.511667238621, 26468.872912512845)
    CV[81] (44066.506049176111, -38754.729830652082, 26676.754236940633)
    CV[82] (44063.24447251339, -38722.339084404775, 26780.694347068573)
    CV[83] (44059.972177122763, -38689.8418903774, 26884.601137963728)
    CV[84] (44053.406929053555, -38624.642354615717, 27092.349209338357)
    CV[85] (44050.113962494186, -38591.939875031494, 27196.190908586559)
    CV[86] (44046.810793560515, -38559.136075579067, 27299.999999999993)
    CV[87] (44040.163994575953, -38493.126656966699, 27508.889759273672)
    CV[88] (44033.475523961468, -38426.703397034646, 27717.648972288778)
    CV[89] (44023.377488405968, -38326.419717974444, 28030.574891396773)
    CV[90] (44020.00059761382, -38292.883786103332, 28134.849065636972)
    CV[91] (44013.225093600246, -38225.596196726845, 28343.326582883816)
    CV[92] (44009.826466094477, -38191.844397363333, 28447.530375290247)
    CV[93] (44006.417140573831, -38157.986355920977, 28551.698991365294)
    CV[94] (44003.008040636218, -38124.130554745723, 28655.860714970673)
    CV[95] (43999.588258414566, -38090.168667714563, 28759.987797993013)
    CV[96] (43992.727986439211, -38022.039246971151, 28968.173507999276)
    CV[97] (43989.287482143511, -37987.871568842267, 29072.232551960467)
    CV[98] (43982.38604748177, -37919.333361101817, 29280.282683124846)
    CV[99] (43978.925103773305, -37884.962698986856, 29384.274175885534)
    CV[100] (43971.982735372054, -37816.017977922784, 29592.188585728345)
    CV[101] (43968.50129812619, -37781.443794309089, 29696.111910873002)
    CV[102] (43965.00941846348, -37746.765906962843, 29800.000000000007)
    CV[103] (43961.498268797564, -37711.896649046881, 29904.46139748934)
    CV[104] (43957.976515541857, -37676.922086788312, 30008.887488391061)
    CV[105] (43950.911130186847, -37606.755683284959, 30217.665420338817)
    CV[106] (43947.367481373294, -37571.563676050799, 30322.017703668629)
    CV[107] (43940.258009246718, -37500.959446435016, 30530.64647629566)
    CV[108] (43936.692169721529, -37465.547063050275, 30634.923427750909)
    CV[109] (43929.538455785791, -37394.503467642338, 30843.401480382508)
    CV[110] (43925.950566341395, -37358.872106317918, 30947.603046451542)
    CV[111] (43922.351944408685, -37323.134160558548, 31051.76736923325)
    CV[112] (43918.753368453443, -37287.39667140181, 31155.93036116891)
    CV[113] (43915.144085266431, -37251.552848633015, 31260.056692328119)
    CV[114] (43907.904963692221, -37179.661069223424, 31468.237665604745)
    CV[115] (43904.275109492126, -37143.61295554469, 31572.292719768102)
    CV[116] (43896.995145247216, -37071.315567216654, 31780.331761177171)
    CV[117] (43893.345021795969, -37035.066159428068, 31884.316150721443)
    CV[118] (43886.024305127416, -36962.364058425861, 32092.212674782622)
    CV[119] (43882.353700416512, -36925.911251069316, 32196.125223848045)
    CV[120] (43878.672474650302, -36889.352965919898, 32300.000000000007)
    CV[121] (43874.969907670289, -36852.582740990307, 32404.476970623979)
    CV[122] (43871.25653434977, -36815.705198199008, 32508.915998266293)
    CV[123] (43865.618413310156, -36759.712969043947, 32666.954876025222)
    CV[124] (43863.701847488344, -36740.679537173404, 32720.58416624245)
    CV[125] (43861.782338140023, -36721.616873115534, 32774.202942761083)
