  
  Rhino 物体: 曲线
  开发人员除错信息
  使用 Rhino 的"What"指令。
  名称: ""
  ID:A38063F1-15FE-4b78-865C-F89682E9B76F
  图层索引: 5
  渲染材质索引: -1 (从图层)
  ON_NurbsCurve dim = 3 is_rat = 0
          order = 4 cv_count = 120
  Knot Vector ( 122 knots )
  index                     value  mult       delta
      0                        0     3
      3        1252.182013059019     3        1252
      6       2504.7211152765349     3        1253
      9       2922.0477668863468     3       417.3
     12       3339.1578944411526     3       417.1
     15       3756.1526125050859     3         417
     18       4173.1252648178515     3         417
     21       4590.2180927604613     3       417.1
     24        5007.420218479203     3       417.2
     27       5637.8646578527005     3       630.4
     30       6268.2791842266588     3       630.4
     33       6898.7412638716405     3       630.5
     36       7529.1440818827377     3       630.4
     39       8166.0801973554217     3       636.9
     42       8802.6708509778236     3       636.6
     45        9439.493686184278     3       636.8
     48        9757.882181308185     2       318.4
     50       10076.273318280506     3       318.4
     53       10398.451472607272     2       322.2
     55       10720.632388374679     3       322.2
     58       11364.974062812022     3       644.3
     61       11687.184254819804     2       322.2
     63       12009.397096693052     3       322.2
     66       12331.600384599824     2       322.2
     68       12653.806530054295     3       322.2
     71       12980.250256650543     2       326.4
     73       13306.696982185311     3       326.4
     76        13633.17346488473     2       326.5
     78       13959.652838424441     3       326.5
     81       14612.551996861797     3       652.9
     84       14939.002357364718     2       326.5
     86       15265.452974999156     3       326.5
     89       15922.300006572885     2       656.8
     91       16579.149069352316     3       656.8
     94       17236.001385203301     2       656.9
     96       17892.855729624189     3       656.9
     99        18223.05935634171     2       330.2
    101       18553.263242095625     2       330.2
    103       18883.467407159693     2       330.2
    105       19213.671853332038     3       330.2
    108       19543.897205998943     2       330.2
    110       19874.122817258842     2       330.2
    112       20204.348669246199     2       330.2
    114       20534.574759128569     3       330.2
    117       20866.678603157929     2       332.1
    119       20960.511853040611     3       93.83
  Control Points  120 non-rational points
    index               value
    CV[ 0] (46745.126761572574, -39914.046354908307, 12300)
    CV[ 1] (46750.701466080311, -39955.00850882088, 12715.473585642352)
    CV[ 2] (46755.021669285321, -39986.752761520103, 13131.371426666876)
    CV[ 3] (46758.062499406864, -40009.096358617986, 13548.288965975571)
    CV[ 4] (46761.098999782211, -40031.408141342596, 13964.612868988035)
    CV[ 5] (46762.867959719792, -40044.406213101982, 14383.08019896461)
    CV[ 6] (46763.328919224004, -40047.793279471633, 14800)
    CV[ 7] (46763.482712959696, -40048.923334466213, 14939.100404917384)
    CV[ 8] (46763.490885849489, -40048.983387724351, 15078.223106631198)
    CV[ 9] (46763.355279858297, -40047.986973748513, 15217.318328191148)
    CV[10] (46763.219738099993, -40046.991031747028, 15356.347664108656)
    CV[11] (46762.940771706832, -40044.941225462797, 15495.382584947924)
    CV[12] (46762.517880280939, -40041.833878041652, 15634.374059849986)
    CV[13] (46762.095087288413, -40038.727253895195, 15773.333182715909)
    CV[14] (46761.528274451637, -40034.56239195005, 15912.281502075337)
    CV[15] (46760.818068907742, -40029.343900322674, 16051.170034296119)
    CV[16] (46760.107869504005, -40024.125453812339, 16190.057365740864)
    CV[17] (46759.254120145888, -40017.852222188834, 16328.917583383813)
    CV[18] (46758.257219601641, -40010.527135545693, 16467.701867122625)
    CV[19] (46757.259987776561, -40003.199614697063, 16606.532270379754)
    CV[20] (46756.119276286321, -39994.81782521055, 16745.319197999874)
    CV[21] (46754.836189816502, -39985.389884162403, 16884.014339057088)
    CV[22] (46753.552710827433, -39975.959058937318, 17022.75190945543)
    CV[23] (46752.12656758169, -39965.479956582778, 17161.430128618293)
    CV[24] (46750.557419284552, -39953.950072986263, 17300)
    CV[25] (46748.185692536841, -39936.522954482782, 17509.444748454367)
    CV[26] (46745.487928620452, -39916.700160178625, 17718.570831828096)
    CV[27] (46742.467480424064, -39894.506326633935, 17927.555701556186)
    CV[28] (46739.447914434699, -39872.318975423856, 18136.479531362958)
    CV[29] (46736.106942351522, -39847.769976907643, 18345.186816411591)
    CV[30] (46732.408069389974, -39820.591172480665, 18553.510319211535)
    CV[31] (46728.708354330476, -39793.406180434969, 18761.881249646071)
    CV[32] (46724.651024205472, -39763.593482591699, 18969.8427536298)
    CV[33] (46720.363437414424, -39732.08889076901, 19177.589764885932)
    CV[34] (46716.076603686051, -39700.589832346188, 19385.300287896411)
    CV[35] (46711.560510508651, -39667.406207355903, 19592.767660052443)
    CV[36] (46706.878428862423, -39633.002922166896, 19800.000000000007)
    CV[37] (46702.147606345934, -39598.241495837545, 20009.389646324984)
    CV[38] (46697.245792855145, -39562.223651594577, 20218.581114097611)
    CV[39] (46692.155559884406, -39524.821327200683, 20427.50027679469)
    CV[40] (46687.067945566196, -39487.438244301644, 20636.311961759886)
    CV[41] (46681.791612090914, -39448.668479265805, 20844.886158651723)
    CV[42] (46676.331565664732, -39408.548817000534, 21053.172802338733)
    CV[43] (46670.869346636842, -39368.413190759871, 21261.542325159506)
    CV[44] (46665.222064177797, -39326.917744148588, 21469.66051429346)
    CV[45] (46659.388077367985, -39284.050419917156, 21677.46801752823)
    CV[46] (46656.471142288196, -39262.617186366304, 21781.369691595992)
    CV[47] (46653.507438684814, -39240.840304204226, 21885.201105347205)
    CV[48] (46647.487623982954, -39196.607542449703, 22092.711712443433)
    CV[49] (46644.43137980246, -39174.150684988927, 22196.395488300186)
    CV[50] (46641.328724489562, -39151.35280497784, 22300.000000000007)
    CV[51] (46638.189113707202, -39128.283381313457, 22404.838536424599)
    CV[52] (46635.001720861073, -39104.862861685557, 22509.600430393526)
    CV[53] (46628.531358931563, -39057.319541522338, 22718.956747741759)
    CV[54] (46625.248241124085, -39033.195648183028, 22823.555942724182)
    CV[55] (46621.91793625812, -39008.725030896283, 22928.069457424601)
    CV[56] (46615.257549100534, -38959.785431768134, 23137.089501871233)
    CV[57] (46608.408126250753, -38909.456824647226, 23345.794023992999)
    CV[58] (46601.375184290337, -38857.779744608109, 23554.1346034624)
    CV[59] (46597.858100349971, -38831.936700642473, 23658.323051241889)
    CV[60] (46594.294777363721, -38805.75389859431, 23762.427668157572)
    CV[61] (46587.073333128428, -38752.691730038707, 23970.451060760042)
    CV[62] (46583.415046816001, -38725.811150668465, 24074.374528893732)
    CV[63] (46579.70835905803, -38698.574924203538, 24178.199910376527)
    CV[64] (46576.001717455358, -38671.339036881312, 24282.023999036301)
    CV[65] (46572.246600632359, -38643.746960377524, 24385.75503344509)
    CV[66] (46564.641801183941, -38587.867950997192, 24593.021035445876)
    CV[67] (46560.791939719755, -38559.579704038137, 24696.560843107403)
    CV[68] (46556.894963242725, -38530.945262513182, 24800)
    CV[69] (46552.946667601573, -38501.933734902923, 24904.801343988365)
    CV[70] (46548.949669952199, -38472.564351705267, 25009.504119697311)
    CV[71] (46540.852198452376, -38413.065256566151, 25218.683831833005)
    CV[72] (46536.751501445608, -38382.933904903068, 25323.16620024907)
    CV[73] (46532.596859297788, -38352.406171841241, 25427.526737838103)
    CV[74] (46528.441747418561, -38321.874987258321, 25531.899074619563)
    CV[75] (46524.232609596751, -38290.946827558131, 25636.154872224324)
    CV[76] (46515.748252410587, -38228.604950167719, 25844.513221621575)
    CV[77] (46511.472873930798, -38197.190063319329, 25948.619033398903)
    CV[78] (46507.18480435769, -38165.681924081167, 26052.695082432103)
    CV[79] (46498.609381423375, -38102.670908230306, 26260.829797267419)
    CV[80] (46489.982821572499, -38039.284145423881, 26468.850062915302)
    CV[81] (46481.298071007608, -37975.469805338646, 26676.734709940065)
    CV[82] (46476.955666212576, -37943.562418441659, 26780.677739887607)
    CV[83] (46472.598757192856, -37911.548456517587, 26884.587639666981)
    CV[84] (46463.856968109634, -37847.315005327189, 27092.34223896957)
    CV[85] (46459.472069384268, -37815.095378936232, 27196.187362317221)
    CV[86] (46455.073344081997, -37782.774156779808, 27299.999999999993)
    CV[87] (46446.222715556789, -37717.74096849699, 27508.880307182844)
    CV[88] (46437.315618730419, -37652.292858985493, 27717.630613759375)
    CV[89] (46419.383226611164, -37520.528134058783, 28134.848067183491)
    CV[90] (46410.357760049817, -37454.210260186577, 28343.318691182529)
    CV[91] (46401.274003429397, -37387.464079061887, 28551.647144864786)
    CV[92] (46392.190142695101, -37320.717132922888, 28759.977986312831)
    CV[93] (46383.048458850659, -37253.545310607195, 28968.171687930855)
    CV[94] (46364.655139178416, -37118.393754083947, 29384.288029447525)
    CV[95] (46355.403356975061, -37050.412944329255, 29592.214040079689)
    CV[96] (46346.095585993731, -36982.020736815612, 29800.000000000011)
    CV[97] (46341.416494956771, -36947.639426207861, 29904.455666627313)
    CV[98] (46336.723121831434, -36913.15317279967, 30008.876352549811)
    CV[99] (46327.306855291296, -36843.963754999386, 30217.644018441762)
    CV[100] (46322.583939393429, -36809.260425404675, 30321.991442370196)
    CV[101] (46313.108140598677, -36739.633572871629, 30530.610924783286)
    CV[102] (46308.355235849682, -36704.709889367106, 30634.883448664648)
    CV[103] (46298.819604547243, -36634.643395883541, 30843.352957036932)
    CV[104] (46294.036857695486, -36599.500436755363, 30947.550411051787)
    CV[105] (46289.239566112199, -36564.250604961504, 31051.710720222291)
    CV[106] (46284.441955165217, -36528.9984265276, 31155.87796351816)
    CV[107] (46279.629831882165, -36493.63961346537, 31260.008644733356)
    CV[108] (46269.977743076619, -36422.717406435018, 31468.198537932654)
    CV[109] (46265.137756141085, -36387.153855126824, 31572.258167281263)
    CV[110] (46255.430360123595, -36315.825258390127, 31780.306609271229)
    CV[111] (46250.562932931025, -36280.060079887247, 31884.295828894428)
    CV[112] (46240.800378505344, -36208.326186833394, 32092.202292704376)
    CV[113] (46235.905235792066, -36172.357358536414, 32196.119955839258)
    CV[114] (46230.995724751243, -36136.282953765585, 32300)
    CV[115] (46226.058281762067, -36100.003308920466, 32404.471054549307)
    CV[116] (46221.106222807291, -36063.616267991412, 32508.904334759853)
    CV[117] (46214.735689474284, -36016.8064744804, 32642.793475197319)
    CV[118] (46213.331067321837, -36006.48550612812, 32672.285902631593)
    CV[119] (46211.925242805999, -35996.155702976939, 32701.775183167309)
