  
  Rhino 物体: 曲线
  开发人员除错信息
  使用 Rhino 的"What"指令。
  名称: ""
  ID:88E6BC71-815B-46b6-99BD-B08B51E0DF4F
  图层索引: 5
  渲染材质索引: -1 (从图层)
  ON_NurbsCurve dim = 3 is_rat = 0
          order = 4 cv_count = 126
  Knot Vector ( 128 knots )
  index                     value  mult       delta
      0                        0     3
      3       1253.4934117169539     3        1253
      6       2507.3824703122491     3        1254
      9       2924.6265193575091     3       417.2
     12       3341.6285716052944     3         417
     15       3758.5075940232832     3       416.9
     18       4175.3700561284932     3       416.9
     21       4592.3679536027148     3         417
     24        5009.494708107406     3       417.1
     27       5639.8351463155823     3       630.3
     30       6270.1268965072004     3       630.3
     33       6900.4885618668486     3       630.4
     36       7530.7908396438424     3       630.3
     39       8167.5539274693983     3       636.8
     42       8804.0930622956494     3       636.5
     45       9440.8252089480193     3       636.7
     48       9759.1592898720828     2       318.3
     50       10077.495855419746     3       318.3
     53        10399.50378526555     2         322
     55       10721.514300369867     3         322
     58        11365.44956993772     3       643.9
     61       11687.450976066059     2         322
     63       12009.454853074167     3         322
     66       12331.460503008537     2         322
     68       12653.468983897341     3         322
     71        12979.64552308308     2       326.2
     73       13305.825106676239     3       326.2
     76       13632.033355427593     2       326.2
     78       13958.244502269188     3       326.2
     81       14610.616088259143     3       652.4
     84       14936.802390294042     2       326.2
     86       15262.988954896939     3       326.2
     89       15591.132025712626     2       328.1
     91       15919.275347929997     2       328.1
     93       16247.418944820671     2       328.1
     95        16575.56281665654     3       328.1
     98       16903.718162059205     2       328.2
    100       17231.873770665177     2       328.2
    102       17560.029622854963     2       328.2
    104        17888.18571790076     3       328.2
    107       18218.107154711037     2       329.9
    109       18548.028853982894     2       329.9
    111       18877.950837607335     2       329.9
    113       19207.873107242413     3       329.9
    116       19537.826373059615     2         330
    118       19867.779902695958     2         330
    120       20197.733676345182     2         330
    122       20527.687691375282     3         330
    125       20855.565391835542     3       327.9
  Control Points  126 non-rational points
    index               value
    CV[ 0] (49162.693171779087, -38931.779639293549, 12299.999999999993)
    CV[ 1] (49171.074081009639, -38980.553657856377, 12715.064700953419)
    CV[ 2] (49177.75962437399, -39019.461228286425, 13130.675810375033)
    CV[ 3] (49182.713576151174, -39048.291529306603, 13547.657935352283)
    CV[ 4] (49187.658281322576, -39077.068018251077, 13963.86175858133)
    CV[ 5] (49190.894767438236, -39095.903257905942, 14382.859866378749)
    CV[ 6] (49192.349559286173, -39104.369647726475, 14799.999999999996)
    CV[ 7] (49192.834492425805, -39107.191792353464, 14939.047434828277)
    CV[ 8] (49193.12190149173, -39108.864414587071, 15078.134549823544)
    CV[ 9] (49193.214636834149, -39109.404102488239, 15217.203135138418)
    CV[10] (49193.30732328201, -39109.943505839838, 15356.198396768434)
    CV[11] (49193.206010983944, -39109.353902997216, 15495.213594534989)
    CV[12] (49192.909698527263, -39107.629466081722, 15634.191808778123)
    CV[13] (49192.613458380496, -39105.905449985148, 15773.136107796992)
    CV[14] (49192.122120821878, -39103.046033835206, 15912.081362267314)
    CV[15] (49191.436553403968, -39099.056266490494, 16050.970546997689)
    CV[16] (49190.750977895332, -39095.066452060499, 16189.861370830109)
    CV[17] (49189.870998172388, -39089.945271749275, 16328.734142931233)
    CV[18] (49188.797051650152, -39083.695271162214, 16467.532046521439)
    CV[19] (49187.722701106715, -39077.442919310284, 16606.382166208179)
    CV[20] (49186.45394376832, -39070.059186558552, 16745.195174600896)
    CV[21] (49184.992424829616, -39061.553647375942, 16883.914867644628)
    CV[22] (49183.530379695039, -39053.045045913765, 17022.684504433502)
    CV[23] (49181.875173356661, -39043.412312465378, 17161.398559459594)
    CV[24] (49180.026082335826, -39032.651236632955, 17299.999999999993)
    CV[25] (49177.231185013443, -39016.385892368635, 17509.495795869228)
    CV[26] (49173.993939048894, -38997.546230653679, 17718.675082569473)
    CV[27] (49170.319790447043, -38976.163945369393, 17927.696801772243)
    CV[28] (49166.646772990869, -38954.78824296518, 18136.654170280472)
    CV[29] (49162.538435317925, -38930.879126136693, 18345.379320133889)
    CV[30] (49157.93661827498, -38904.098128550271, 18553.696051296378)
    CV[31] (49153.333651190667, -38877.31043811734, 18762.064842950727)
    CV[32] (49148.237577344829, -38847.65303538007, 18969.996673707949)
    CV[33] (49142.848639948003, -38816.291267176151, 19177.702821725419)
    CV[34] (49137.460574325924, -38784.934572402381, 19385.375368874968)
    CV[35] (49131.78072134214, -38751.879775214627, 19592.800583545872)
    CV[36] (49125.901758565371, -38717.666227290865, 19800)
    CV[37] (49119.962257900952, -38683.10036961468, 20009.333026662411)
    CV[38] (49113.817606249293, -38647.340603523, 20218.476398593157)
    CV[39] (49107.442358426095, -38610.238846766384, 20427.356028044785)
    CV[40] (49101.069189426169, -38573.149188048548, 20636.16754660146)
    CV[41] (49094.465113685015, -38534.715731256663, 20844.747829171978)
    CV[42] (49087.637469070833, -38494.98118026802, 21053.051093874135)
    CV[43] (49080.807539404334, -38455.233331058254, 21261.424072787384)
    CV[44] (49073.752381820268, -38414.174732581254, 21469.554161093973)
    CV[45] (49066.46962187258, -38371.791566375126, 21677.38506018366)
    CV[46] (49062.828429761837, -38350.601076570885, 21781.295148607624)
    CV[47] (49059.130247687164, -38329.078924714093, 21885.137428075646)
    CV[48] (49051.621448266516, -38285.380286266576, 22092.675626628348)
    CV[49] (49047.810674947876, -38263.202891968584, 22196.375850695073)
    CV[50] (49043.943480597867, -38240.69714661032, 22300.000000000007)
    CV[51] (49040.031625493495, -38217.931490972347, 22404.820865130252)
    CV[52] (49036.061724749976, -38194.828029613833, 22509.568113291556)
    CV[53] (49028.005665336503, -38147.944525620813, 22718.901893977738)
    CV[54] (49023.919332841055, -38124.163471381442, 22823.492899447228)
    CV[55] (49019.775566755969, -38100.048173339863, 22928.001692841717)
    CV[56] (49011.489154036652, -38051.824092076939, 23136.991046266106)
    CV[57] (49002.97276807957, -38002.26164541013, 23345.677086234005)
    CV[58] (48994.234705522467, -37951.409116926763, 23554.017207268495)
    CV[59] (48989.865003674793, -37925.978950202654, 23658.203256049965)
    CV[60] (48985.439458700166, -37900.223795623941, 23762.309523545711)
    CV[61] (48976.471873748618, -37848.035525490188, 23970.342414735031)
    CV[62] (48971.929637793808, -37821.601269411054, 24074.273497568065)
    CV[63] (48967.326976089505, -37794.815356185092, 24178.10823213858)
    CV[64] (48962.724213502188, -37768.028855854602, 24281.945242600981)
    CV[65] (48958.060939342904, -37740.890198919937, 24385.69082738231)
    CV[66] (48948.615491581368, -37685.920931053879, 24592.987879885259)
    CV[67] (48943.833097450202, -37658.089036719815, 24696.544186156923)
    CV[68] (48938.990998209483, -37629.909679116361, 24800.000000000007)
    CV[69] (48934.086139628671, -37601.365083668832, 24904.796723701184)
    CV[70] (48929.119586202265, -37572.461445370209, 25009.495122314169)
    CV[71] (48919.055812860308, -37513.893734601617, 25218.667068643892)
    CV[72] (48913.958312518829, -37484.228030148864, 25323.146115215088)
    CV[73] (48908.792917934632, -37454.167204479068, 25427.504223316879)
    CV[74] (48903.626955047446, -37424.103071480713, 25531.873813024486)
    CV[75] (48898.393001664495, -37393.643257105679, 25636.127796420056)
    CV[76] (48887.842128682896, -37332.240793422789, 25844.483988401767)
    CV[77] (48882.525009970479, -37301.296985341098, 25948.589463220331)
    CV[78] (48877.192111419368, -37270.2613440079, 26052.665741287899)
    CV[79] (48866.527060582055, -37208.194404347436, 26260.803733396835)
    CV[80] (48855.798421941749, -37145.757405472781, 26468.829530882133)
    CV[81] (48844.995835357273, -37082.890054914089, 26676.719426643773)
    CV[82] (48839.594509866329, -37051.456192249316, 26780.66499417114)
    CV[83] (48834.174753535175, -37019.915068412985, 26884.577362056956)
    CV[84] (48823.299827230527, -36956.626725482536, 27092.336974719816)
    CV[85] (48817.844633340603, -36924.879367202986, 27196.184650523155)
    CV[86] (48812.372000616735, -36893.030520888278, 27299.999999999993)
    CV[87] (48806.866529586034, -36860.990566885463, 27404.438289197533)
    CV[88] (48801.343330673721, -36828.847442689184, 27508.844186481183)
    CV[89] (48790.260325393574, -36764.34815145535, 27717.587740645213)
    CV[90] (48784.700493628261, -36731.991836613211, 27821.925832886154)
    CV[91] (48773.54355843291, -36667.062298617675, 28030.532015133489)
    CV[92] (48767.946429598494, -36634.488927619575, 28134.800561780838)
    CV[93] (48756.714812110658, -36569.124764284476, 28343.266957667624)
    CV[94] (48751.08029888646, -36536.333828953968, 28447.465271567213)
    CV[95] (48745.427354264473, -36503.435629207073, 28551.628403707924)
    CV[96] (48739.774193586869, -36470.536172090535, 28655.795516964979)
    CV[97] (48734.102625521118, -36437.529590285478, 28759.927994064008)
    CV[98] (48722.723914543829, -36371.309393268617, 28968.124662598038)
    CV[99] (48717.016746510853, -36338.09563185872, 29072.189285149463)
    CV[100] (48705.567422382075, -36271.464490507977, 29280.250929944337)
    CV[101] (48699.825243384643, -36238.046977287464, 29384.248368925808)
    CV[102] (48688.305903442328, -36171.008367904884, 29592.175216103122)
    CV[103] (48682.528721092502, -36137.387147173366, 29696.105041115123)
    CV[104] (48676.733751759879, -36103.662412299745, 29799.999999999993)
    CV[105] (48670.907589987772, -36069.756148121749, 29904.45419173532)
    CV[106] (48665.06337166208, -36035.744800992055, 30008.873469278653)
    CV[107] (48653.337572736084, -35967.504671103095, 30217.638359181405)
    CV[108] (48647.455963637687, -35933.275722494647, 30321.984422226615)
    CV[109] (48635.654778947363, -35864.596873301176, 30530.601138936159)
    CV[110] (48629.735175604685, -35830.146811216364, 30634.87226596507)
    CV[111] (48617.858149637745, -35761.02659179303, 30843.338853672969)
    CV[112] (48611.900701187995, -35726.356284159192, 30947.534792788243)
    CV[113] (48605.924790259465, -35691.578531228122, 31051.693484602984)
    CV[114] (48599.948298058982, -35656.797395493551, 31155.862307848256)
    CV[115] (48593.953383563472, -35621.909048317393, 31259.994474211457)
    CV[116] (48581.928259124681, -35551.92694655931, 31468.187227447354)
    CV[117] (48575.898021875553, -35516.833033066578, 31572.248239755096)
    CV[118] (48563.802832048765, -35446.443174770298, 31780.299429437044)
    CV[119] (48557.737856423308, -35411.147095836553, 31884.290020396438)
    CV[120] (48545.572886065595, -35340.351138772559, 32092.199301973495)
    CV[121] (48539.472871672348, -35304.851146222194, 32196.118417033329)
    CV[122] (48533.354717017879, -35269.245583570431, 32299.999999999982)
    CV[123] (48527.275043389047, -35233.863967295729, 32403.228204606163)
    CV[124] (48521.17735403141, -35198.377505655611, 32506.41962118357)
    CV[125] (48515.061093796772, -35162.782967877676, 32609.572348328438)
