  
  Rhino 物体: 曲线
  开发人员除错信息
  使用 Rhino 的"What"指令。
  名称: ""
  ID:3FA144A0-7763-42ac-ABB2-62CCC423DB10
  图层索引: 5
  渲染材质索引: -1 (从图层)
  ON_NurbsCurve dim = 3 is_rat = 0
          order = 4 cv_count = 120
  Knot Vector ( 122 knots )
  index                     value  mult       delta
      0                        0     3
      3       1255.5445980103582     3        1256
      6       2511.2638972069849     3        1256
      9       2928.5042730942305     3       417.2
     12       3345.4559570547694     3         417
     15       3762.2602478236604     3       416.8
     18       4179.0454395764782     3       416.8
     21       4595.9558706943953     3       416.9
     24       5013.0149349598214     3       417.1
     27        5643.348678891286     3       630.3
     30       6273.6308203388871     3       630.3
     33       6903.9951359002544     3       630.4
     36       7534.3009762776037     3       630.3
     39        7852.686238198412     2       318.4
     41        8171.073387908541     3       318.4
     44       8807.7579243634027     3       636.7
     47       9444.5694564013374     3       636.8
     50       9762.9337684556285     2       318.4
     52       10081.300396150256     3       318.4
     55       10403.252289217582     2         322
     57       10725.206578130779     3         322
     60       11368.959935718603     3       643.8
     63       11690.852420128454     2       321.9
     65       12012.747228408924     3       321.9
     68       12334.661426231585     2       321.9
     70       12656.578341764598     3       321.9
     73       12982.563289278767     2         326
     75       13308.551189187516     3         326
     78       13634.566405597361     2         326
     80       13960.584405071637     3         326
     83       14612.577682977228     3         652
     86       14938.572482854424     2         326
     88       15264.567558496874     3         326
     91       15920.490198455522     2       655.9
     93       16576.414955517746     3       655.9
     96       17232.350851693012     2       655.9
     98        17888.28889537045     3       655.9
    101       18218.053496341679     2       329.8
    103        18547.81837025897     2       329.8
    105       18877.583540274532     2       329.8
    107       19207.349008040823     3       329.8
    110       19537.139695013884     2       329.8
    112       19866.930656951969     2       329.8
    114       20196.721872384649     2       329.8
    116       20526.513338728695     3       329.8
    119       20720.600748870052     3       194.1
  Control Points  120 non-rational points
    index               value
    CV[ 0] (51811.711731526346, -37716.590227680208, 12299.999999999993)
    CV[ 1] (51823.980007671977, -37774.307928864342, 12714.551877489841)
    CV[ 2] (51833.980652784936, -37821.357264844919, 13129.856342919971)
    CV[ 3] (51841.662260330639, -37857.496386892191, 13546.95676735278)
    CV[ 4] (51849.324397512872, -37893.543908081512, 13962.999978589318)
    CV[ 5] (51854.711236794239, -37918.886994288405, 14382.573570052558)
    CV[ 6] (51857.70241304989, -37932.959372123987, 14799.999999999996)
    CV[ 7] (51858.699010821321, -37937.647995993349, 14939.07781229437)
    CV[ 8] (51859.429915186949, -37941.08663066935, 15077.95296973413)
    CV[ 9] (51859.901041394347, -37943.303105203828, 15217.0948599448)
    CV[10] (51860.371507132812, -37945.516472476273, 15356.041687994726)
    CV[11] (51860.582262363612, -37946.507997878078, 15495.059145960671)
    CV[12] (51860.531348620389, -37946.268467549409, 15634.02420817778)
    CV[13] (51860.480443500528, -37946.028977790447, 15772.965733618577)
    CV[14] (51860.167949431896, -37944.558808790229, 15911.87842044084)
    CV[15] (51859.594441479247, -37941.860666015738, 16050.792768004154)
    CV[16] (51859.020986095522, -37939.162770558585, 16189.694382391512)
    CV[17] (51858.186705227716, -37935.237787679158, 16328.563617816459)
    CV[18] (51857.091474805849, -37930.085133674096, 16467.392711612621)
    CV[19] (51855.995895240994, -37924.930837080399, 16606.266062036695)
    CV[20] (51854.639377675405, -37918.5489237152, 16745.076689157628)
    CV[21] (51853.023247892619, -37910.94563089963, 16883.832398809471)
    CV[22] (51851.406821272845, -37903.340941575814, 17022.613593931703)
    CV[23] (51849.530198407178, -37894.512125162655, 17161.381804582659)
    CV[24] (51847.392958352226, -37884.457201277182, 17299.999999999993)
    CV[25] (51844.161931318027, -37869.256414250201, 17509.559584001308)
    CV[26] (51840.334668289477, -37851.250557419713, 17718.815510961263)
    CV[27] (51835.923943373433, -37830.499728233306, 17927.876595376525)
    CV[28] (51831.514416653874, -37809.75453611814, 18136.880887255098)
    CV[29] (51826.523021454079, -37786.271868038813, 18345.629933308574)
    CV[30] (51820.869520991837, -37759.67423961484, 18553.942238696662)
    CV[31] (51815.214588704199, -37733.069874982029, 18762.307301991219)
    CV[32] (51808.898063964793, -37703.352962589204, 18970.203712850012)
    CV[33] (51802.215194320059, -37671.912532929106, 19177.8577876134)
    CV[34] (51795.533287904931, -37640.476634908002, 19385.481932337279)
    CV[35] (51788.486073832537, -37607.322099488149, 19592.850505649632)
    CV[36] (51781.205271776511, -37573.068619010373, 19800.000000000007)
    CV[37] (51777.527303268849, -37555.76513767607, 19904.643597056576)
    CV[38] (51773.789296188501, -37538.179197065794, 20009.239819243739)
    CV[39] (51766.184006806216, -37502.399123747011, 20218.320057239558)
    CV[40] (51762.31658792228, -37484.204348470717, 20322.807651947398)
    CV[41] (51758.380238285492, -37465.68527950003, 20427.232781593124)
    CV[42] (51750.508679942017, -37428.652509212763, 20636.052773813568)
    CV[43] (51742.36094515978, -37390.320430939784, 20844.645589233394)
    CV[44] (51733.947886757669, -37350.740103179502, 21052.970203613972)
    CV[45] (51725.532899259699, -37311.150699736791, 21261.342586372099)
    CV[46] (51716.850606792934, -37270.303725293008, 21469.478809447523)
    CV[47] (51707.89831930089, -37228.18652412745, 21677.326300814395)
    CV[48] (51703.42255382544, -37207.129703167775, 21781.241264095715)
    CV[49] (51698.879209388229, -37185.75494819069, 21885.090590479642)
    CV[50] (51689.65945363589, -37142.379407797969, 22092.648294188264)
    CV[51] (51684.982864015525, -37120.377783522075, 22196.36067568892)
    CV[52] (51680.239599859087, -37098.062480217137, 22300.000000000007)
    CV[53] (51675.442850800748, -37075.49555023299, 22404.807958169898)
    CV[54] (51670.577546369153, -37052.606092576636, 22509.545110924955)
    CV[55] (51660.709277753609, -37006.179539049816, 22718.864916408951)
    CV[56] (51655.706115238041, -36982.64151010252, 22823.451724103037)
    CV[57] (51650.63480450229, -36958.782868987531, 22927.959416033911)
    CV[58] (51640.494647017993, -36911.077178905958, 23136.924022960455)
    CV[59] (51630.081736206266, -36862.088285311373, 23345.596131124094)
    CV[60] (51619.405217703548, -36811.859215040051, 23553.935428464687)
    CV[61] (51614.066453893567, -36786.742306142718, 23658.114922983958)
    CV[62] (51608.661299569008, -36761.313054432423, 23762.21749015776)
    CV[63] (51597.711638941328, -36709.798951499455, 23970.248670778132)
    CV[64] (51592.166905378122, -36683.713031102154, 24074.18150558792)
    CV[65] (51586.549517612119, -36657.285299555762, 24178.020606780687)
    CV[66] (51580.931704094437, -36630.855565005222, 24281.867578121128)
    CV[67] (51575.241140294296, -36604.08356728634, 24385.62552555314)
    CV[68] (51563.716608163923, -36549.864906580326, 24592.952011585116)
    CV[69] (51557.882381468655, -36522.417028081196, 24696.525215337893)
    CV[70] (51551.975858882797, -36494.629024159469, 24800.000000000015)
    CV[71] (51545.994597775731, -36466.489403141495, 24904.784108765463)
    CV[72] (51539.938673874407, -36437.998521294554, 25009.471907078503)
    CV[73] (51527.669207307386, -36380.275219618125, 25218.628137250485)
    CV[74] (51521.455334268059, -36351.041245502987, 25323.101883099174)
    CV[75] (51515.159863136847, -36321.423382548863, 25427.458133390784)
    CV[76] (51508.86373008215, -36291.802405489594, 25531.825355991128)
    CV[77] (51502.485897241721, -36261.797061159501, 25636.080232588796)
    CV[78] (51489.629784477998, -36201.313806130238, 25844.441540986281)
    CV[79] (51483.151269309747, -36170.83478869043, 25948.551123366819)
    CV[80] (51476.653039919955, -36140.263023130727, 26052.63124811283)
    CV[81] (51463.657336578799, -36079.123046069697, 26260.779397981747)
    CV[82] (51450.5821947695, -36017.60934040061, 26468.814289709127)
    CV[83] (51437.413875220089, -35955.657267931092, 26676.710654923689)
    CV[84] (51430.829722347116, -35924.681264166451, 26780.658728568997)
    CV[85] (51424.222345434115, -35893.595999884157, 26884.572975847856)
    CV[86] (51410.963181788582, -35831.216539545952, 27092.335393506863)
    CV[87] (51404.311364125882, -35799.92219797508, 27196.184013967886)
    CV[88] (51397.63779145047, -35768.525507116676, 27299.999999999993)
    CV[89] (51384.210125435893, -35705.353305461787, 27508.884574307474)
    CV[90] (51370.693615385724, -35641.763125483201, 27717.638672722438)
    CV[91] (51343.473763365531, -35513.703790452921, 28134.860948219004)
    CV[92] (51329.770144479247, -35449.233332612603, 28343.332768534048)
    CV[93] (51315.97396333408, -35384.327403583404, 28551.660258988224)
    CV[94] (51302.177453471486, -35319.419928060299, 28759.992713198415)
    CV[95] (51288.289117727531, -35254.080445732216, 28968.186083602825)
    CV[96] (51260.338101289359, -35122.58125257575, 29384.297891214159)
    CV[97] (51246.275183450969, -35056.420426071782, 29592.219893239264)
    CV[98] (51232.123633152471, -34989.842616628528, 29800.000000000004)
    CV[99] (51225.009066511295, -34956.371212286496, 29904.459609377031)
    CV[100] (51217.871887661255, -34922.793425866126, 30008.883802614062)
    CV[101] (51203.550732860742, -34855.41768997824, 30217.657415950816)
    CV[102] (51196.366720741724, -34821.619570351148, 30322.007305254745)
    CV[103] (51181.951129709472, -34753.799546925256, 30530.630505791938)
    CV[104] (51174.719515493955, -34719.777477042218, 30634.904309950471)
    CV[105] (51160.208887893859, -34651.510341718982, 30843.375038001061)
    CV[106] (51152.929841562851, -34617.265121278018, 30947.572460286581)
    CV[107] (51145.627645908098, -34582.910991831799, 31051.732013189634)
    CV[108] (51138.324866557203, -34548.554116311119, 31155.899892017176)
    CV[109] (51130.998988267136, -34514.088568826068, 31260.030514319944)
    CV[110] (51116.303003190063, -34444.949395138101, 31468.219018472755)
    CV[111] (51108.9328616278, -34410.27560533044, 31572.277343706464)
    CV[112] (51094.149107589234, -34340.723511144723, 31780.322050669733)
    CV[113] (51086.735465697828, -34305.845068379414, 31884.308862618407)
    CV[114] (51071.864366451286, -34235.882047299463, 32092.209510731307)
    CV[115] (51064.406883913332, -34200.797350508932, 32196.123787446006)
    CV[116] (51056.926725703976, -34165.605973072306, 32299.999999999985)
    CV[117] (51052.524521950967, -34144.895232805982, 32361.132965367131)
    CV[118] (51048.11441929829, -34124.147331138542, 32422.25284826487)
    CV[119] (51043.696287361912, -34103.361654661392, 32483.359267315744)
