  
  Rhino 物体: 曲线
  开发人员除错信息
  使用 Rhino 的"What"指令。
  名称: ""
  ID:158932E7-5017-4222-B25E-73D890B5DB22
  图层索引: 5
  渲染材质索引: -1 (从图层)
  ON_NurbsCurve dim = 3 is_rat = 0
          order = 4 cv_count = 121
  Knot Vector ( 123 knots )
  index                     value  mult       delta
      0                        0     3
      3       1257.3106113256417     3        1257
      6       2514.4297021078955     3        1257
      9       2931.7273941752901     3       417.3
     12       3348.7041872886666     3         417
     15       3765.5136283426314     3       416.8
     18       4182.3205919500515     3       416.8
     21       4599.1619212675687     3       416.8
     24       5016.1896653156782     3         417
     27       5646.6394825845491     3       630.4
     30        6277.144134686182     3       630.5
     33       6907.6681609401685     3       630.5
     36       7538.1172076171943     3       630.4
     39        8175.319120662446     3       637.2
     42       8812.5044991180603     3       637.2
     45       9449.6718637025679     3       637.2
     48       9768.2281673803445     2       318.6
     50       10086.786895939924     3       318.6
     53       10409.116730697066     2       322.3
     55       10731.449101599685     3       322.3
     58       11375.991447385532     3       644.5
     61       11698.217234408297     2       322.2
     63       12020.445627125062     3       322.2
     66       12342.714131273842     2       322.3
     68        12664.98490262519     3       322.3
     71       12991.124145186281     2       326.1
     73       13317.265584723829     3       326.1
     76       13643.418349647049     2       326.2
     78       13969.573228567348     3       326.2
     81       14621.828603784084     3       652.3
     84       14947.954233391734     2       326.1
     86       15274.080197684785     3       326.1
     89       15930.561541856459     2       656.5
     91       16258.803903636479     2       328.2
     93       16587.046607068929     3       328.2
     96       16915.248781161834     2       328.2
     98       17243.451279830042     2       328.2
    100       17571.654088215026     2       328.2
    102       17899.857204121268     3       328.2
    105       18230.106652389222     2       330.2
    107       18560.356439307012     2       330.2
    109       18890.606582827575     2       330.3
    111       19220.857086191747     3       330.3
    114        19551.08998515916     2       330.2
    116       19881.323211063816     2       330.2
    118       20211.556745711554     2       330.2
    120       20416.554665055304     3         205
  Control Points  121 non-rational points
    index               value
    CV[ 0] (56622.753463099427, -35222.941190199417, 12299.999999999995)
    CV[ 1] (56641.174657845688, -35286.141446103589, 12714.140098304284)
    CV[ 2] (56656.318436299385, -35338.097396128265, 13129.255052209495)
    CV[ 3] (56668.111915209636, -35378.558989168007, 13546.475166626893)
    CV[ 4] (56679.868786201936, -35418.894986131345, 13962.400195867698)
    CV[ 5] (56688.350313282725, -35447.993787232343, 14382.341524609566)
    CV[ 6] (56693.371058949037, -35465.219185221547, 14799.999999999996)
    CV[ 7] (56695.042739036347, -35470.954459766086, 14939.061287508213)
    CV[ 8] (56696.33115166409, -35475.374803229439, 15077.90360256163)
    CV[ 9] (56697.244352783106, -35478.507854326752, 15217.054849216252)
    CV[10] (56698.156115203405, -35481.635969472394, 15355.986870646813)
    CV[11] (56698.69242639697, -35483.47596981682, 15495.00997300742)
    CV[12] (56698.84981095729, -35484.01593178045, 15633.979091993609)
    CV[13] (56699.007169516473, -35484.555804538228, 15772.925252220059)
    CV[14] (56698.785749750459, -35483.79614773707, 15911.837844862603)
    CV[15] (56698.185597164193, -35481.737117497396, 16050.768588273886)
    CV[16] (56697.5855249304, -35479.678362934574, 16189.680730699512)
    CV[17] (56696.606928142028, -35476.320949460307, 16328.586287399808)
    CV[18] (56695.249792256196, -35471.664827180364, 16467.430307337581)
    CV[19] (56693.892379474601, -35467.007754914099, 16606.302655552252)
    CV[20] (56692.156489104796, -35461.052184870772, 16745.091341980522)
    CV[21] (56690.042488857653, -35453.799378609205, 16883.842863548809)
    CV[22] (56687.928009130075, -35446.544927324816, 17022.625855614398)
    CV[23] (56685.434956979145, -35437.991652898716, 17161.390765335447)
    CV[24] (56682.563404345463, -35428.13980214794, 17299.999999999993)
    CV[25] (56678.221200923697, -35413.242377131588, 17509.597235303801)
    CV[26] (56673.012664874936, -35395.372699529093, 17718.880044695405)
    CV[27] (56666.981852087818, -35374.681918246642, 17927.942180220409)
    CV[28] (56660.951740123004, -35353.993541376585, 18136.98002127431)
    CV[29] (56654.100574047174, -35330.488255470947, 18345.761484478204)
    CV[30] (56646.362893025813, -35303.941474581268, 18554.081219220276)
    CV[31] (56638.623679743599, -35277.389436742771, 18762.442206654596)
    CV[32] (56629.998306312053, -35247.797121170814, 18970.321981053778)
    CV[33] (56620.872392922509, -35216.487530803657, 19177.959406710099)
    CV[34] (56611.748159351962, -35185.183703634371, 19385.558612269782)
    CV[35] (56602.125064039057, -35152.168359366915, 19592.895099935609)
    CV[36] (56592.174081581485, -35118.028085270715, 19800.000000000007)
    CV[37] (56582.116013334737, -35083.52041647656, 20009.333623887498)
    CV[38] (56571.719760894339, -35047.852490279103, 20218.473042485293)
    CV[39] (56560.94228607454, -35010.876649352664, 20427.342946235556)
    CV[40] (56550.16481479902, -34973.90082058611, 20636.212781296777)
    CV[41] (56539.005470767901, -34935.614845750912, 20844.845414541076)
    CV[42] (56527.479106738465, -34896.069682348665, 21053.197270511468)
    CV[43] (56515.952705011739, -34856.524389612881, 21261.549807902265)
    CV[44] (56504.056544052728, -34815.710510424004, 21469.655377069685)
    CV[45] (56491.789073559179, -34773.622725936133, 21677.460231375841)
    CV[46] (56485.655570798772, -34752.579631316796, 21781.358720325352)
    CV[47] (56479.429105843948, -34731.217597857845, 21885.188907876211)
    CV[48] (56466.79257976816, -34687.863641030912, 22092.70209254586)
    CV[49] (56460.382262521438, -34665.870838935225, 22196.389291824627)
    CV[50] (56453.87975065034, -34643.561731413458, 22300.000000000007)
    CV[51] (56447.300162546468, -34620.988187317278, 22404.83883712297)
    CV[52] (56440.625673479881, -34598.089052768781, 22509.603497473596)
    CV[53] (56427.0860825536, -34551.636820806292, 22718.970770772783)
    CV[54] (56420.220692811381, -34528.082735712182, 22823.577781952994)
    CV[55] (56413.260814300054, -34504.204474337872, 22928.101669465759)
    CV[56] (56399.343738002877, -34456.457148741705, 23137.109185189634)
    CV[57] (56385.048335678766, -34407.411845351577, 23345.810276398945)
    CV[58] (56370.369826367794, -34357.052161437256, 23554.144486132405)
    CV[59] (56363.031235069546, -34331.874595355672, 23658.302175873756)
    CV[60] (56355.596166115072, -34306.366029431381, 23762.374968451713)
    CV[61] (56340.539218610007, -34254.707982895088, 23970.343054132802)
    CV[62] (56332.917028213138, -34228.557432386988, 24074.24269171336)
    CV[63] (56325.204884782572, -34202.098267001915, 24178.054311828731)
    CV[64] (56317.491660639796, -34175.635393861237, 24281.880479194951)
    CV[65] (56309.6883674333, -34148.86350776266, 24385.622853937955)
    CV[66] (56293.909794811989, -34094.729677617215, 24592.9362660517)
    CV[67] (56285.934221128264, -34067.366723979445, 24696.51105496367)
    CV[68] (56277.874654909552, -34039.715605009376, 24800.000000000015)
    CV[69] (56269.718236330329, -34011.732200644496, 24904.732578793006)
    CV[70] (56261.47520413086, -33983.451638411185, 25009.380714005867)
    CV[71] (56244.806270389578, -33926.263117655013, 25218.486747641753)
    CV[72] (56236.380032448382, -33897.354004998197, 25322.948589109983)
    CV[73] (56227.859259801735, -33868.120558460796, 25427.309170305954)
    CV[74] (56219.338056858884, -33838.885635643994, 25531.675021676827)
    CV[75] (56210.722263795469, -33809.326188826017, 25635.943547986109)
    CV[76] (56193.366761600555, -33749.782158421192, 25844.344954649234)
    CV[77] (56184.626801600221, -33719.796714142343, 25948.480317383244)
    CV[78] (56175.856435298716, -33689.70695057034, 26052.582077228712)
    CV[79] (56158.317072406666, -33629.532122691722, 26260.769338839167)
    CV[80] (56140.655258295024, -33568.937183711736, 26468.826709813722)
    CV[81] (56122.855462182386, -33507.868849933329, 26676.730661332178)
    CV[82] (56113.95556853179, -33477.334698159466, 26780.682585632014)
    CV[83] (56105.021271282109, -33446.682512984626, 26884.597141879392)
    CV[84] (56087.086690454482, -33385.15175379916, 27092.352886832752)
    CV[85] (56078.0863567263, -33354.273007730837, 27196.194623994816)
    CV[86] (56069.053613240016, -33323.283068820048, 27300.000000000018)
    CV[87] (56050.870933011945, -33260.901119154594, 27508.957551016847)
    CV[88] (56032.555773977954, -33198.064655297647, 27717.769879624295)
    CV[89] (56004.876321797885, -33103.10075718107, 28030.751207082463)
    CV[90] (55995.615402111369, -33071.327981193506, 28135.04007642033)
    CV[91] (55977.024929699437, -33007.546959929779, 28343.539027206956)
    CV[92] (55967.695326731271, -32975.538542278598, 28447.749684157952)
    CV[93] (55958.331963866658, -32943.414299670083, 28551.921213673337)
    CV[94] (55948.969699201029, -32911.293824811575, 28656.080525242094)
    CV[95] (55939.573719783402, -32879.057679879348, 28760.201379346247)
    CV[96] (55920.716160165684, -32814.360323926849, 28968.366588607667)
    CV[97] (55911.254529288111, -32781.898939040024, 29072.41148009957)
    CV[98] (55892.26633307177, -32716.753389222969, 29280.424983415451)
    CV[99] (55882.73972044843, -32684.069062066694, 29384.394120102359)
    CV[100] (55863.621186928387, -32618.476345219402, 29592.255105079461)
    CV[101] (55854.029220730619, -32585.567800107448, 29696.147484213849)
    CV[102] (55844.403871135626, -32552.544721748498, 29799.999999999993)
    CV[103] (55834.718470013308, -32519.315615933327, 29904.500440531894)
    CV[104] (55824.999117876541, -32485.970029464679, 30008.960957305397)
    CV[105] (55805.490660925338, -32419.039545932239, 30217.798142699943)
    CV[106] (55795.701497131173, -32385.454446518175, 30322.175390207889)
    CV[107] (55776.052728722265, -32318.042576183445, 30530.844512206651)
    CV[108] (55766.193066634318, -32284.21560808118, 30635.136986287005)
    CV[109] (55746.403958295828, -32216.322253261576, 30843.636675207945)
    CV[110] (55736.474458352277, -32182.255682331837, 30947.844488515515)
    CV[111] (55726.511054943519, -32148.072793882751, 31052.010498567884)
    CV[112] (55716.548141185274, -32113.891585348469, 31156.171389391598)
    CV[113] (55706.551396735056, -32079.594308968393, 31260.291200876894)
    CV[114] (55686.492787354451, -32010.776337962787, 31468.450071731513)
    CV[115] (55676.430867109615, -31976.255453561949, 31572.489661843341)
    CV[116] (55656.242700047223, -31906.992990287737, 31780.488528995349)
    CV[117] (55646.116405190201, -31872.251246598411, 31884.448325581627)
    CV[118] (55629.651270445167, -31815.761928521213, 32052.876443188663)
    CV[119] (55623.33242828284, -31794.082963221772, 32117.37016681127)
    CV[120] (55617.000713812136, -31772.359835033149, 32181.847697197387)
