  
  Rhino 物体: 曲线
  开发人员除错信息
  使用 Rhino 的"What"指令。
  名称: ""
  ID:F1A03FD6-0ACB-435d-B523-6DF41158F264
  图层索引: 5
  渲染材质索引: -1 (从图层)
  ON_NurbsCurve dim = 3 is_rat = 0
          order = 4 cv_count = 123
  Knot Vector ( 125 knots )
  index                     value  mult       delta
      0                        0     3
      3       1256.9490909681558     3        1257
      6       2513.4467897201766     3        1256
      9       2930.7632572898929     3       417.3
     12       3347.7741008328453     3         417
     15       3764.6250433216601     3       416.9
     18       4181.4936478864256     3       416.9
     21       4598.3292623126772     3       416.8
     24       5015.3720079745026     3         417
     27       5645.8986123336617     3       630.5
     30       6276.6032058311384     3       630.7
     33       6907.2797559570672     3       630.7
     36       7537.8857879645902     3       630.6
     39       8175.4906045763382     3       637.6
     42       8813.0044847552763     3       637.5
     45       9450.4331388628871     3       637.4
     48       9769.1378785789493     2       318.7
     50       10087.845295897385     3       318.7
     53       10410.579652288623     2       322.7
     55       10733.316832533448     3       322.7
     58       11378.760125944404     3       645.4
     61       11701.396456501945     2       322.6
     63       12024.035805311125     3       322.6
     66       12346.706615602512     2       322.7
     68       12669.379394137834     3       322.7
     71       12995.829470276725     2       326.5
     73       13322.281206501335     3       326.5
     76        13648.72551423111     2       326.4
     78       13975.171482882166     3       326.4
     81       14627.989111466137     3       652.8
     84       14954.399506655798     2       326.4
     86       15280.810282054957     3       326.4
     89       15609.465898773165     2       328.7
     91       15938.121883839989     2       328.7
     93       16266.778256746211     2       328.7
     95        16595.43501950744     3       328.7
     98       16924.021439459058     2       328.6
    100       17252.608226442731     2       328.6
    102       17581.195370240035     2       328.6
    104       17909.782867461035     3       328.6
    107       18240.620485885815     2       330.8
    109       18571.458497823747     2       330.8
    111       18902.296916566123     2       330.8
    113       19233.135746673957     3       330.8
    116       19563.931436710041     2       330.8
    118        19894.72749696473     2       330.8
    120       20225.523912764464     2       330.8
    122       20250.919317642674     3        25.4
  Control Points  123 non-rational points
    index               value
    CV[ 0] (58798.678979974153, -33965.427738810933, 12300.000000000004)
    CV[ 1] (58818.773892078782, -34026.367477168693, 12714.256009682467)
    CV[ 2] (58835.196445677735, -34076.170437951783, 13129.511072984375)
    CV[ 3] (58847.873864619462, -34114.615920536526, 13546.751462433509)
    CV[ 4] (58860.512338957866, -34152.943299895713, 13962.710103481635)
    CV[ 5] (58869.482060453833, -34180.144836198087, 14382.406128213133)
    CV[ 6] (58874.600614737647, -34195.667340461929, 14800)
    CV[ 7] (58876.305383879917, -34200.837215550193, 14939.082464921095)
    CV[ 8] (58877.583295888711, -34204.712605651635, 15077.961106008996)
    CV[ 9] (58878.441369610649, -34207.314796088409, 15217.123065317623)
    CV[10] (58879.298170716705, -34209.913127196094, 15356.078632430563)
    CV[11] (58879.735151603527, -34211.238313430847, 15495.117440417542)
    CV[12] (58879.748425812213, -34211.278568735288, 15634.099968659193)
    CV[13] (58879.761698133101, -34211.318818314787, 15773.062731388542)
    CV[14] (58879.351385507514, -34210.074506126839, 15911.981951370271)
    CV[15] (58878.516766029308, -34207.543442922106, 16050.919167073418)
    CV[16] (58877.682260435009, -34205.0127250812, 16189.83742477906)
    CV[17] (58876.423644287861, -34201.195851521334, 16328.760273477486)
    CV[18] (58874.741120007529, -34196.093436099443, 16467.600179224981)
    CV[19] (58873.058392687839, -34190.990404941331, 16606.456839539456)
    CV[20] (58870.951923948567, -34184.602337496108, 16745.208333532406)
    CV[21] (58868.420407106489, -34176.925271122229, 16883.933597989402)
    CV[22] (58865.888320653008, -34169.24647734742, 17022.690076732997)
    CV[23] (58862.93085359106, -34160.277676288832, 17161.428052441508)
    CV[24] (58859.549922517552, -34150.02468020939, 17299.999999999993)
    CV[25] (58854.436817529335, -34134.518701454392, 17509.567394567792)
    CV[26] (58848.354315950979, -34116.072935042692, 17718.790561754577)
    CV[27] (58841.369300334234, -34094.890208694211, 17927.805210067923)
    CV[28] (58834.384178346227, -34073.707159764723, 18136.823041359487)
    CV[29] (58826.497430066425, -34049.789843074686, 18345.604949924622)
    CV[30] (58817.710681719705, -34023.143190306233, 18553.928634888514)
    CV[31] (58808.922307735273, -33996.491607636293, 18762.290861850579)
    CV[32] (58799.233581250068, -33967.109620098687, 18970.19506268172)
    CV[33] (58788.985405478677, -33936.031049219586, 19177.872006891794)
    CV[34] (58778.739329434648, -33904.958845964051, 19385.506400605849)
    CV[35] (58767.936329242119, -33872.197717088042, 19592.87910359848)
    CV[36] (58756.733767216225, -33838.224878827285, 19800.000000000007)
    CV[37] (58745.406302226642, -33803.873260411245, 20009.430190805942)
    CV[38] (58733.666662195472, -33768.271681853003, 20218.648233550266)
    CV[39] (58721.479061574326, -33731.311620062508, 20427.578572134837)
    CV[40] (58709.29283137741, -33694.35571421426, 20636.485417727887)
    CV[41] (58696.657615995042, -33656.038217950198, 20845.141238765729)
    CV[42] (58683.588510290596, -33616.404907883851, 21053.495755427764)
    CV[43] (58670.520695362466, -33576.775512219836, 21261.82969385889)
    CV[44] (58657.015782125018, -33535.820574226149, 21469.899893364069)
    CV[45] (58643.074959194739, -33493.543698495625, 21677.648696229051)
    CV[46] (58636.104385820268, -33472.404769624867, 21781.525510465246)
    CV[47] (58629.024609840904, -33450.93467343496, 21885.329577003879)
    CV[48] (58614.648831319864, -33407.338753373195, 22092.780047381144)
    CV[49] (58607.352506456999, -33385.21195203159, 22196.431098683846)
    CV[50] (58599.947460147363, -33362.755442528738, 22300.000000000007)
    CV[51] (58592.448724029062, -33340.0148097415, 22404.879271318176)
    CV[52] (58584.837900516912, -33316.934261237351, 22509.678924261883)
    CV[53] (58569.391450474854, -33270.091427627609, 22719.104007095597)
    CV[54] (58561.555459588832, -33246.328037577368, 22823.734326770718)
    CV[55] (58553.608028003495, -33222.226692973076, 22928.275172982809)
    CV[56] (58537.713988446136, -33174.026501450455, 23137.346031563142)
    CV[57] (58521.373398850767, -33124.472104328968, 23346.08845348423)
    CV[58] (58504.563729094989, -33073.495176862765, 23554.419716880402)
    CV[59] (58496.160627307188, -33048.011968890729, 23658.563869462381)
    CV[60] (58487.639384364134, -33022.170486592673, 23762.612959957296)
    CV[61] (58470.383862908777, -32969.841471305546, 23970.52533915198)
    CV[62] (58461.649209954572, -32943.352802785688, 24074.393316518992)
    CV[63] (58452.819994828256, -32916.577365456047, 24178.176593231816)
    CV[64] (58443.989773234673, -32889.798875918379, 24281.971700494596)
    CV[65] (58435.064865438741, -32862.733241437425, 24385.686085251124)
    CV[66] (58417.040873081503, -32808.07376481501, 24592.956795726604)
    CV[67] (58407.941494906685, -32780.479032262563, 24696.516239737084)
    CV[68] (58398.760503913094, -32752.636801049935, 24800.000000000015)
    CV[69] (58389.471937500472, -32724.468337114555, 24904.696299179584)
    CV[70] (58380.099287331141, -32696.044881163933, 25009.317821680113)
    CV[71] (58361.175603127893, -32638.657003172411, 25218.393152842469)
    CV[72] (58351.624275710041, -32609.69169141676, 25322.849947109622)
    CV[73] (58341.980389645876, -32580.445686734471, 25427.217481599451)
    CV[74] (58332.336608139893, -32551.199999134846, 25531.583884545449)
    CV[75] (58322.600257591075, -32521.673587080102, 25635.864121357794)
    CV[76] (58302.99845817413, -32462.229259999167, 25844.297761987586)
    CV[77] (58293.13277969342, -32432.310648650895, 25948.453198166728)
    CV[78] (58283.229555095779, -32402.278175120475, 26052.571398646389)
    CV[79] (58263.425285611673, -32342.219838241748, 26260.784883069497)
    CV[80] (58243.469871320354, -32281.703140313333, 26468.853951381087)
    CV[81] (58223.350239531297, -32220.688437153854, 26676.757929206324)
    CV[82] (58213.290305966118, -32190.180728726646, 26780.711134055502)
    CV[83] (58203.189414074783, -32159.548810267243, 26884.624205270135)
    CV[84] (58182.908594814406, -32098.045290720918, 27092.370966453429)
    CV[85] (58172.728603902106, -32067.173496933003, 27196.20528395415)
    CV[86] (58162.509561935454, -32036.183277096636, 27300.000000000007)
    CV[87] (58152.220205214675, -32004.979821059151, 27404.508902362129)
    CV[88] (58141.891075822969, -31973.655750602098, 27508.978159250008)
    CV[89] (58121.151453246792, -31910.760866222881, 27717.833601417336)
    CV[90] (58110.740893358408, -31879.189850014776, 27822.220420040241)
    CV[91] (58089.837600202103, -31815.798618984343, 28030.909413795631)
    CV[92] (58079.344800328559, -31783.978202174119, 28135.212241638947)
    CV[93] (58058.277408828908, -31720.089327259688, 28343.732908543039)
    CV[94] (58047.70275268863, -31688.020673510044, 28447.951401517588)
    CV[95] (58037.087987657578, -31655.830385722104, 28552.12779744255)
    CV[96] (58026.47544571216, -31623.646839653466, 28656.282375357547)
    CV[97] (58015.822847704228, -31591.341819753256, 28760.395612572229)
    CV[98] (57994.439386273072, -31526.49443261301, 28968.539414292904)
    CV[99] (57983.708458339148, -31493.951869738132, 29072.570587774575)
    CV[100] (57962.168829888004, -31428.630891208752, 29280.550141294945)
    CV[101] (57951.360068306152, -31395.852290369861, 29384.499121826837)
    CV[102] (57929.664051403786, -31330.057048940023, 29592.312859748858)
    CV[103] (57918.776736698761, -31297.040228259833, 29696.178228566139)
    CV[104] (57907.849177230295, -31263.901361494463, 29800.000000000007)
    CV[105] (57896.846737872373, -31230.535414319482, 29904.533198609424)
    CV[106] (57885.803316032128, -31197.045183856419, 30009.022717289587)
    CV[107] (57863.632661759882, -31129.810559313824, 30217.910312515141)
    CV[108] (57852.505353133587, -31096.065934167833, 30322.309058703289)
    CV[109] (57830.16644022429, -31028.321049253605, 30531.013779767072)
    CV[110] (57818.954761719033, -30994.320564399302, 30635.32044215612)
    CV[111] (57796.448193195291, -30926.06724783704, 30843.841414918599)
    CV[112] (57785.153233737277, -30891.814205547122, 30948.056406107571)
    CV[113] (57773.817974984311, -30857.438951799973, 31052.226239832293)
    CV[114] (57762.484140554719, -30823.06801744935, 31156.382984175292)
    CV[115] (57751.110090246824, -30788.575124610481, 31260.49538565804)
    CV[116] (57728.284288636874, -30719.353703253961, 31468.63260371919)
    CV[117] (57716.832466974265, -30684.624961361213, 31572.6580235439)
    CV[118] (57693.851801518591, -30614.93390061587, 31780.621415957179)
    CV[119] (57682.322895445803, -30579.971392894109, 31884.559982793671)
    CV[120] (57669.8667981131, -30542.197089206624, 31996.429731089527)
    CV[121] (57668.978485029365, -30539.503195019843, 32004.4054471036)
    CV[122] (57668.089938944453, -30536.80859423471, 32012.380899811902)
