  
  Rhino 物体: 曲线
  开发人员除错信息
  使用 Rhino 的"What"指令。
  名称: ""
  ID:34ACB57C-224B-4a2f-B03E-FA87BD5AD286
  图层索引: 5
  渲染材质索引: -1 (从图层)
  ON_NurbsCurve dim = 3 is_rat = 0
          order = 4 cv_count = 117
  Knot Vector ( 119 knots )
  index                     value  mult       delta
      0                        0     3
      3       1254.4827963795333     3        1254
      6       2508.9089896196374     3        1254
      9       2926.2798319965659     3       417.4
     12       3343.4715669972256     3       417.2
     15       3760.6411956867814     3       417.2
     18       4177.9519746495116     3       417.3
     21       4595.1083426659407     3       417.2
     24       5012.4883471855383     3       417.4
     27       5644.4556361505565     3         632
     30       6276.7320677015659     3       632.3
     33       6908.6662936748089     3       631.9
     36       7540.5715049283026     3       631.9
     39       8180.3596322987269     3       639.8
     42       8819.8233672900187     3       639.5
     45       9459.1768405087769     3       639.4
     48       9778.9389691397409     2       319.8
     50       10098.704677481624     3       319.8
     53       10423.256722471389     2       324.6
     55       10747.812559105261     3       324.6
     58       11072.512420707853     2       324.7
     60       11397.215942121589     3       324.7
     63       11721.839935905968     2       324.6
     65        12046.46796312779     3       324.6
     68        12371.08622458438     2       324.6
     70        12695.70564456747     3       324.6
     73       13023.760588425388     2       328.1
     75       13351.816017226603     3       328.1
     78       14007.781898599558     3         656
     81       14663.673766284584     3       655.9
     84       14991.657444350563     2         328
     86       15319.641710293921     3         328
     89       15650.361338303705     2       330.7
     91       15981.081557338299     2       330.7
     93       16311.802402816085     2       330.7
     95       16642.523876685631     3       330.7
     98        16973.22450677021     2       330.7
    100       17303.925735809902     2       330.7
    102       17634.627535928612     2       330.7
    104       17965.329904097616     3       330.7
    107       18299.024853647479     2       333.7
    109       18632.720425749449     2       333.7
    111       18966.416653624743     2       333.7
    113        19300.11354203002     3       333.7
    116       19630.766438644296     3       330.7
  Control Points  117 non-rational points
    index               value
    CV[ 0] (65427.448688095828, -29432.846613163536, 12300.000000000016)
    CV[ 1] (65450.684489613726, -29483.248962883768, 12714.610541448752)
    CV[ 2] (65468.986021240962, -29522.948053822456, 13130.179603338931)
    CV[ 3] (65482.230647946562, -29551.677870033694, 13547.29373351737)
    CV[ 4] (65495.446461166983, -29580.34518496407, 13963.500438211055)
    CV[ 5] (65503.672115106267, -29598.188007653291, 14382.660538169634)
    CV[ 6] (65506.740030688168, -29604.842830984955, 14800.000000000004)
    CV[ 7] (65507.763076718838, -29607.061989371985, 14939.168588075929)
    CV[ 8] (65508.212718459174, -29608.037337703619, 15078.155234004627)
    CV[ 9] (65508.094413281964, -29607.780713936598, 15217.344954202321)
    CV[10] (65507.976229442495, -29607.524353371482, 15356.391916766474)
    CV[11] (65507.291402571347, -29606.038849054738, 15495.479515117968)
    CV[12] (65506.037920618801, -29603.319836513183, 15634.494545921651)
    CV[13] (65504.784233458377, -29600.600378841325, 15773.532334915086)
    CV[14] (65502.96173926357, -29596.647083333155, 15912.493734031574)
    CV[15] (65500.569974242164, -29591.458943945552, 16051.446372379112)
    CV[16] (65498.178034190547, -29586.270424888076, 16190.409179329976)
    CV[17] (65495.216457522052, -29579.846268490739, 16329.379632036231)
    CV[18] (65491.689928764405, -29572.196636279667, 16468.204512663593)
    CV[19] (65488.163666944667, -29564.547583101685, 16607.018885047426)
    CV[20] (65484.072429198364, -29555.673002402586, 16745.69201263757)
    CV[21] (65479.412330589948, -29545.564467105829, 16884.315517355179)
    CV[22] (65474.75023558853, -29535.451601297889, 17022.998408583371)
    CV[23] (65469.521259920497, -29524.109076268316, 17161.558227228215)
    CV[24] (65463.738341679782, -29511.564956912352, 17299.999999999993)
    CV[25] (65454.983602279091, -29492.574459139192, 17509.586508461245)
    CV[26] (65444.957991749143, -29470.82722878431, 17718.933600439406)
    CV[27] (65433.608113346047, -29446.207439356578, 17927.809529277329)
    CV[28] (65422.252663248219, -29421.575563988696, 18136.787996034269)
    CV[29] (65409.564936304087, -29394.053756742229, 18345.418489860549)
    CV[30] (65396.24730691062, -29365.16558545977, 18553.728744646622)
    CV[31] (65382.935094187545, -29336.289163843674, 18761.954273543677)
    CV[32] (65368.98618310898, -29306.031636731557, 18969.967254092371)
    CV[33] (65354.363050899796, -29274.311610932356, 19177.681487622118)
    CV[34] (65339.739996572498, -29242.591754072018, 19385.394614878933)
    CV[35] (65324.440146924913, -29209.403814675552, 19592.856305314337)
    CV[36] (65308.48550207277, -29174.795514682944, 19800)
    CV[37] (65292.331110927582, -29139.753931486837, 20009.73705765458)
    CV[38] (65275.500956581338, -29103.246504594244, 20219.19810938439)
    CV[39] (65257.995422382148, -29065.274065551508, 20428.306003545797)
    CV[40] (65240.497988640534, -29027.319197759552, 20637.317135757174)
    CV[41] (65222.321970823352, -28987.892367321307, 20846.02526083068)
    CV[42] (65203.474877522516, -28947.009861631654, 21054.356059550162)
    CV[43] (65184.630190172698, -28906.1325748532, 21262.660263521575)
    CV[44] (65165.109277167678, -28863.788441237659, 21470.636646736621)
    CV[45] (65144.918334596732, -28819.990901141675, 21678.210102175552)
    CV[46] (65134.81944904587, -28798.084724979548, 21782.031930329871)
    CV[47] (65124.552302509968, -28775.813562526495, 21885.763034211013)
    CV[48] (65103.683557780663, -28730.545755893738, 22093.026568649464)
    CV[49] (65093.081332532842, -28707.547751527869, 22196.565205782823)
    CV[50] (65082.310887724045, -28684.184850726808, 22300.000000000007)
    CV[51] (65071.378981721238, -28660.471713521798, 22404.985399198929)
    CV[52] (65060.272823033105, -28636.380593023208, 22509.870079799723)
    CV[53] (65037.718266621996, -28587.455978172187, 22719.422330849331)
    CV[54] (65026.269179444884, -28562.6209882781, 22824.096313973518)
    CV[55] (65014.653266264431, -28537.424124809018, 22928.660553038182)
    CV[56] (65003.031938848369, -28512.215516955024, 23033.273530021048)
    CV[57] (64991.243133457981, -28486.64362129166, 23137.783190021419)
    CV[58] (64967.311346960552, -28434.731563446567, 23346.564112166918)
    CV[59] (64955.167598665685, -28408.389737105834, 23450.842105909498)
    CV[60] (64942.83575185571, -28381.639893545056, 23554.988465817463)
    CV[61] (64930.506599426815, -28354.895894548648, 23659.112070822102)
    CV[62] (64917.988432819155, -28327.741892104172, 23763.110642239611)
    CV[63] (64892.662836634641, -28272.806427330863, 23970.899267722016)
    CV[64] (64879.854810197794, -28245.023670312628, 24074.694735000001)
    CV[65] (64866.946426483686, -28217.023221531872, 24178.416460574721)
    CV[66] (64854.038202827483, -28189.023119943551, 24282.136900048663)
    CV[67] (64841.029472256887, -28160.805002004687, 24385.786749388524)
    CV[68] (64814.855008963998, -28104.028202133501, 24592.971157024444)
    CV[69] (64801.688996215918, -28075.468912778277, 24696.507233697852)
    CV[70] (64788.464618621685, -28046.783020285002, 24800)
    CV[71] (64775.100217196079, -28017.793392622003, 24904.588579965472)
    CV[72] (64761.675903934462, -27988.673806140534, 25009.13386964615)
    CV[73] (64734.694934381012, -27930.147558953533, 25218.126063641448)
    CV[74] (64721.138134091481, -27900.740585892872, 25322.573860052762)
    CV[75] (64707.510318520035, -27871.179568777705, 25426.968116221855)
    CV[76] (64680.26073621746, -27812.070655496296, 25635.71029214008)
    CV[77] (64652.727788268443, -27752.347074612415, 25844.245079511064)
    CV[78] (64624.930508152189, -27692.05011293403, 26052.57312348939)
    CV[79] (64597.136150707724, -27631.759491020835, 26260.879263364339)
    CV[80] (64569.075004317827, -27570.890159149229, 26468.985869238124)
    CV[81] (64540.742541479616, -27509.43229640635, 26676.876354415683)
    CV[82] (64526.574519513357, -27478.6994810379, 26780.834735209879)
    CV[83] (64512.338733448385, -27447.819673976508, 26884.740867619799)
    CV[84] (64483.735132310227, -27385.773666796005, 27092.448299872209)
    CV[85] (64469.367181288268, -27354.607171781197, 27196.2505770813)
    CV[86] (64454.933435533429, -27323.297956958195, 27300.000000000015)
    CV[87] (64440.379236117486, -27291.727457946334, 27404.615240984269)
    CV[88] (64425.757813872566, -27260.011141346335, 27509.177581048603)
    CV[89] (64396.377525983393, -27196.280370366418, 27718.190925918367)
    CV[90] (64381.618512075227, -27164.265594377215, 27822.642943525832)
    CV[91] (64351.961511713969, -27099.934587645621, 28031.433200744454)
    CV[92] (64337.063374595775, -27067.61803008537, 28135.772485097343)
    CV[93] (64307.128424145143, -27002.684103002663, 28344.33631539375)
    CV[94] (64292.091461722252, -26970.06641007802, 28448.561911646542)
    CV[95] (64276.986231996736, -26937.300633926774, 28552.730334658481)
    CV[96] (64261.881842566137, -26904.53668051611, 28656.892962843187)
    CV[97] (64246.709201095429, -26871.624676985793, 28760.999577712999)
    CV[98] (64216.231024030676, -26805.51240028768, 28969.100635375256)
    CV[99] (64200.925340586073, -26772.311806407233, 29073.096062175893)
    CV[100] (64170.182503389748, -26705.625437504968, 29280.974902219397)
    CV[101] (64154.745208126471, -26672.139355520852, 29384.85927652966)
    CV[102] (64123.738714481304, -26604.881071570588, 29592.514583952758)
    CV[103] (64108.16937703242, -26571.108567944819, 29696.286483212756)
    CV[104] (64092.532919866127, -26537.190470397185, 29800.000000000015)
    CV[105] (64076.754853114275, -26502.965197913079, 29904.652785060967)
    CV[106] (64060.90811668439, -26468.590969382665, 30009.246987616727)
    CV[107] (64029.073965705327, -26399.537357891873, 30218.312001365313)
    CV[108] (64013.086381905487, -26364.857607798458, 30322.7838688804)
    CV[109] (63980.969191266653, -26295.190035824926, 30531.601745140084)
    CV[110] (63964.839414719587, -26260.201845819549, 30635.948844157407)
    CV[111] (63932.438907800562, -26189.919713327228, 30844.516863682205)
    CV[112] (63916.168013046365, -26154.625414267601, 30948.738872843802)
    CV[113] (63899.828370788149, -26119.181990344045, 31052.898625935737)
    CV[114] (63883.637656108076, -26084.061615309969, 31156.109015539616)
    CV[115] (63867.379505358236, -26048.79496013272, 31259.259503268368)
    CV[116] (63851.056410941143, -26013.387431251387, 31362.350660514909)
