  
  Rhino 物体: 曲线
  开发人员除错信息
  使用 Rhino 的"What"指令。
  名称: ""
  ID:B42FDE93-9C5F-415c-8F00-6D3243044106
  图层索引: 5
  渲染材质索引: -1 (从图层)
  ON_NurbsCurve dim = 3 is_rat = 0
          order = 4 cv_count = 110
  Knot Vector ( 112 knots )
  index                     value  mult       delta
      0                        0     3
      3       1255.8618638244357     3        1256
      6       2512.7342943645435     3        1257
      9       2930.0805602876476     3       417.3
     12       3347.2864898429038     3       417.2
     15        3764.622899099978     3       417.3
     18       4182.2012883481393     3       417.6
     21       4599.7662977968448     3       417.6
     24       5017.5195083612616     3       417.8
     27       5652.1537565382778     3       634.6
     30       6286.9960004227887     3       634.8
     33       6921.2599489462054     3       634.3
     36       7555.5162627210038     3       634.3
     39       8197.9545588520523     3       642.4
     42       8840.1677547308045     3       642.2
     45       9482.3582833294349     3       642.2
     48       9803.5084763240538     2       321.2
     50       10124.661578821786     3       321.2
     53       10450.356870222795     2       325.7
     55       10776.055157541417     3       325.7
     58       11427.509191111749     3       651.5
     61       12079.057174193576     3       651.5
     64       12404.840157991905     2       325.8
     66       12730.624159631563     3       325.8
     69       13059.692329455303     2       329.1
     71       13388.760969882997     3       329.1
     74       14046.830800569984     3       658.1
     77       14704.970139711202     3       658.1
     80       15034.102956520463     2       329.1
     82       15363.236520960914     3       329.1
     85       15695.371231915697     2       332.1
     87       16027.506637155724     2       332.1
     89       16359.642837633108     2       332.1
     91       16691.779827097584     3       332.1
     94       17024.064018824771     2       332.3
     96       17356.349003621945     2       332.3
     98       17688.634687201058     2       332.3
    100       18020.921074615257     3       332.3
    103       18356.557905524711     2       335.6
    105       18692.195468477614     2       335.6
    107        19027.83387711638     2       335.6
    109       19172.458483132421     3       144.6
  Control Points  110 non-rational points
    index               value
    CV[ 0] (69311.511752885403, -26022.433273533235, 12300.00000000002)
    CV[ 1] (69343.474095202473, -26080.094865365896, 12713.613154624984)
    CV[ 2] (69368.809832717598, -26125.801745696714, 13128.520236227019)
    CV[ 3] (69387.237456119386, -26159.046058284956, 13545.634128766007)
    CV[ 4] (69405.623806288946, -26192.215911991341, 13961.813791308081)
    CV[ 5] (69417.221068928658, -26213.137927595613, 14382.194642454091)
    CV[ 6] (69421.699361871186, -26221.21698191516, 14800.000000000004)
    CV[ 7] (69423.191124177029, -26223.908192350787, 14939.174969472442)
    CV[ 8] (69423.89325052494, -26225.174861810934, 15078.095815251021)
    CV[ 9] (69423.819600539209, -26225.041993719689, 15217.304623747928)
    CV[10] (69423.746034574127, -26224.909277205708, 15356.354621424958)
    CV[11] (69422.898594395519, -26223.38045465582, 15495.449385088381)
    CV[12] (69421.275284092058, -26220.451925350695, 15634.459167425264)
    CV[13] (69419.65115255001, -26217.521914491947, 15773.53927531597)
    CV[14] (69417.250222152623, -26213.190521403798, 15912.546626355312)
    CV[15] (69414.075366987585, -26207.462931077716, 16051.512833256507)
    CV[16] (69410.899190596276, -26201.732957196346, 16190.536871395323)
    CV[17] (69406.948439921194, -26194.605614318923, 16329.519968678533)
    CV[18] (69402.231366036052, -26186.09578777643, 16468.357731533972)
    CV[19] (69397.514327294019, -26177.586024633794, 16607.194460021292)
    CV[20] (69392.028986630408, -26167.690208136028, 16745.944434461962)
    CV[21] (69385.778304603155, -26156.413679271031, 16884.523196884082)
    CV[22] (69379.52103390402, -26145.125264127324, 17023.248031365471)
    CV[23] (69372.505929392879, -26132.469680598031, 17161.598986538298)
    CV[24] (69364.745201958023, -26118.468957708763, 17299.999999999993)
    CV[25] (69352.971416765475, -26097.22848698969, 17509.967920740473)
    CV[26] (69339.482890810134, -26072.894542050773, 17720.025569486799)
    CV[27] (69323.847272532381, -26044.687140032478, 17928.925042022871)
    CV[28] (69308.190690585194, -26016.441918553443, 18138.104599388866)
    CV[29] (69290.358945751315, -25984.272599356664, 18346.424840922682)
    CV[30] (69272.034618965685, -25951.214638796686, 18554.664579620563)
    CV[31] (69253.72966883301, -25918.191634643947, 18762.684119824949)
    CV[32] (69234.941043405284, -25884.296057162046, 18970.534143802193)
    CV[33] (69215.484091093211, -25849.194786066269, 19178.103343266092)
    CV[34] (69196.027046261646, -25814.093348060913, 19385.673529739448)
    CV[35] (69175.899466018251, -25777.782232152673, 19592.991945980357)
    CV[36] (69155.099244459867, -25740.25763919163, 19800)
    CV[37] (69134.030015546188, -25702.247744115779, 20009.685270172358)
    CV[38] (69112.266479809245, -25662.985286375639, 20219.090482860804)
    CV[39] (69089.804182861873, -25622.462230044046, 20428.151885601317)
    CV[40] (69067.348973234082, -25581.951959575414, 20637.147325142447)
    CV[41] (69044.191350800509, -25540.174502862916, 20845.838711209326)
    CV[42] (69020.337783710798, -25497.141528757438, 21054.166087574653)
    CV[43] (68996.484207299858, -25454.108537836011, 21262.493545347879)
    CV[44] (68971.929313457673, -25409.810336778755, 21470.496621864615)
    CV[45] (68946.675107886171, -25364.250543967646, 21678.112552968825)
    CV[46] (68934.04512143055, -25341.465445283942, 21781.944225297328)
    CV[47] (68921.239600788729, -25318.363674546046, 21885.687214496716)
    CV[48] (68895.281498396871, -25271.534018257953, 22092.982946045355)
    CV[49] (68882.128288550579, -25247.80499959215, 22196.540685259944)
    CV[50] (68868.80124615971, -25223.762378714848, 22300.000000000011)
    CV[51] (68855.285468184491, -25199.379269830741, 22404.924490106834)
    CV[52] (68841.589919567676, -25174.671846124598, 22509.752656573459)
    CV[53] (68813.852305878288, -25124.631866479027, 22719.208246841445)
    CV[54] (68799.809594112667, -25099.298143874468, 22823.840620220555)
    CV[55] (68785.601479867211, -25073.666027297815, 22928.374289216084)
    CV[56] (68757.18283713283, -25022.39743873402, 23137.459389573211)
    CV[57] (68728.100203891328, -24969.930979587887, 23346.178373828105)
    CV[58] (68698.273698824487, -24916.122540146887, 23554.419439172052)
    CV[59] (68668.441725354453, -24862.304235445397, 23762.69868351498)
    CV[60] (68637.858389848785, -24807.130437751999, 23970.532496261225)
    CV[61] (68606.843037016573, -24751.177260171407, 24178.068595778059)
    CV[62] (68591.334215130119, -24723.19860489792, 24281.844310335498)
    CV[63] (68575.716947624562, -24695.024308549, 24385.55176014682)
    CV[64] (68544.309438250595, -24638.363661840507, 24592.853283989873)
    CV[65] (68528.518900389696, -24609.876777496364, 24696.448710592445)
    CV[66] (68512.661698580821, -24581.269628206683, 24800.000000000004)
    CV[67] (68496.644570770979, -24552.373964774339, 24904.59564413103)
    CV[68] (68480.559064435918, -24523.354943217255, 25009.147113209208)
    CV[69] (68448.238167929507, -24465.046502504993, 25218.150553786374)
    CV[70] (68432.002613758305, -24435.756787486236, 25322.603379954799)
    CV[71] (68415.687247189548, -24406.323087091077, 25427.002516382177)
    CV[72] (68383.059904567534, -24347.46180295261, 25635.779093929799)
    CV[73] (68350.113953950669, -24288.025734776969, 25844.347903695125)
    CV[74] (68316.821039799222, -24227.963727816459, 26052.675099966429)
    CV[75] (68283.524366251717, -24167.894938725953, 26261.025820295636)
    CV[76] (68249.87743733573, -24107.194272224988, 26469.142990578417)
    CV[77] (68215.875026883004, -24045.852300056515, 26677.006089631537)
    CV[78] (68198.87031203165, -24015.174982441193, 26780.959094152568)
    CV[79] (68181.776729718273, -23984.337343680701, 26884.850805965783)
    CV[80] (68147.420616363917, -23922.357274587372, 27092.513907071028)
    CV[81] (68130.157876323385, -23891.214467209389, 27196.286498186681)
    CV[82] (68112.813166657288, -23859.923782712562, 27300.000000000015)
    CV[83] (68095.310189861571, -23828.347576756183, 27404.659867509363)
    CV[84] (68077.72332746796, -23796.620037175337, 27509.260590679314)
    CV[85] (68042.375284217167, -23732.850479181368, 27718.33533656592)
    CV[86] (68024.613889022876, -23700.808074093798, 27822.81056470313)
    CV[87] (67988.911914785975, -23636.400007699667, 28031.629281600006)
    CV[88] (67970.971109688617, -23604.033938579574, 28135.974054884733)
    CV[89] (67934.907707997103, -23538.973839798138, 28344.528366486735)
    CV[90] (67916.784879040773, -23506.279390944306, 28448.739239100472)
    CV[91] (67898.571039441827, -23473.420754545186, 28552.881483199522)
    CV[92] (67880.348956950373, -23440.547247574366, 28657.070858125586)
    CV[93] (67862.0357538729, -23407.509354715072, 28761.193026756828)
    CV[94] (67825.234809204325, -23341.118693183253, 28969.304551507434)
    CV[95] (67806.746833763609, -23307.765502634804, 29073.295180937548)
    CV[96] (67769.601133376651, -23240.752885323942, 29281.145960491012)
    CV[97] (67750.943190403108, -23207.093065229823, 29385.007312161575)
    CV[98] (67713.460047362576, -23139.471685258082, 29592.600191543595)
    CV[99] (67694.634638964752, -23105.50974954167, 29696.33288368284)
    CV[100] (67675.725732436054, -23071.397179209864, 29800.000000000018)
    CV[101] (67656.62600124233, -23036.940352069912, 29904.713302817541)
    CV[102] (67637.440657612693, -23002.32907600738, 30009.360746255166)
    CV[103] (67598.891147584742, -22932.783919068264, 30218.514009711012)
    CV[104] (67579.526733192222, -22897.849590798323, 30323.021089701138)
    CV[105] (67540.613793312979, -22827.648789052659, 30531.88780967216)
    CV[106] (67521.065007632933, -22792.381846175751, 30636.248801266724)
    CV[107] (67492.959462544735, -22741.678100716956, 30785.470143004102)
    CV[108] (67484.47851784814, -22726.378071495081, 30830.39232193584)
    CV[109] (67475.980295104178, -22711.046871850689, 30875.300582549291)
