  
  Rhino 物体: 曲线
  开发人员除错信息
  使用 Rhino 的"What"指令。
  名称: ""
  ID:B1D4B7D3-B643-4e01-9D98-EB72F707840D
  图层索引: 5
  渲染材质索引: -1 (从图层)
  ON_NurbsCurve dim = 3 is_rat = 0
          order = 4 cv_count = 110
  Knot Vector ( 112 knots )
  index                     value  mult       delta
      0                        0     3
      3       1258.0637700598031     3        1258
      6       2517.0382203347726     3        1259
      9       2934.5274758091923     3       417.5
     12        3351.825363476361     3       417.3
     15       3769.2729665988304     3       417.4
     18       4186.9534601756095     3       417.7
     21       4604.6985417404958     3       417.7
     24       5022.5714710021157     3       417.9
     27       5659.0618527798397     3       636.5
     30       5977.4744074328846     2       318.4
     32       6295.8450023375281     3       318.4
     35       6932.0475224433922     3       636.2
     38       7568.2367856636674     3       636.2
     41       8212.6220846835658     3       644.4
     44       8856.8528848937294     3       644.2
     47       9501.0722170844583     3       644.2
     50       9823.1739705768468     2       322.1
     52       10145.277981703906     3       322.1
     55       10471.658648241075     2       326.4
     57       10798.041606887931     3       326.4
     60       11450.588998489246     3       652.5
     63       12103.311159250112     3       652.7
     66       12429.678234192988     2       326.4
     68       12756.046344871109     3       326.4
     71       13085.790831025895     2       329.7
     73       13415.535937604649     3       329.7
     76       14074.993619451023     3       659.5
     79       14734.546829833951     3       659.6
     82       15064.367529734225     2       329.8
     84       15394.189076366229     3       329.8
     87        15727.29104294303     2       333.1
     89       16060.393783301841     2       333.1
     91       16393.497417510924     2       333.1
     93       16726.601936926898     3       333.1
     96       17059.867475491392     2       333.3
     98       17393.133912418249     2       333.3
    100        17726.40113004424     2       333.3
    102       18059.669136164644     3       333.3
    105       18396.604584972269     2       336.9
    107       18733.540844706287     2       336.9
    109         18917.8736288412     3       184.3
  Control Points  110 non-rational points
    index               value
    CV[ 0] (71218.260741934137, -24104.616699155151, 12300.000000000011)
    CV[ 1] (71257.415480905154, -24169.141711903554, 12712.745658447035)
    CV[ 2] (71288.684476228285, -24220.671421330222, 13127.259613084896)
    CV[ 3] (71311.681568716289, -24258.569456790581, 13544.51206374205)
    CV[ 4] (71334.615093989181, -24296.362736722658, 13960.611169631571)
    CV[ 5] (71349.448267890184, -24320.807050749863, 14381.730022790514)
    CV[ 6] (71355.729362943384, -24331.157975032147, 14800)
    CV[ 7] (71357.81987043492, -24334.603024752476, 14939.210840375663)
    CV[ 8] (71358.963551166235, -24336.487752264613, 15078.144395567546)
    CV[ 9] (71359.176660607394, -24336.838945754062, 15217.412848105094)
    CV[10] (71359.389481542064, -24337.189663799541, 15356.492759714914)
    CV[11] (71358.673822044453, -24336.010293449493, 15495.622724175315)
    CV[12] (71357.024249082882, -24333.291881344798, 15634.666938015436)
    CV[13] (71355.373819868983, -24330.572058179932, 15773.783326251538)
    CV[14] (71352.788243600007, -24326.311160365189, 15912.836140097896)
    CV[15] (71349.270419823137, -24320.513966206468, 16051.823555565144)
    CV[16] (71345.750850780605, -24314.713895938952, 16190.87992558511)
    CV[17] (71341.298581794923, -24307.3767837372, 16329.852158742975)
    CV[18] (71335.91975042921, -24298.512743992207, 16468.68727307181)
    CV[19] (71330.541234416727, -24289.649223933236, 16607.514247696021)
    CV[20] (71324.232533610499, -24279.252806777997, 16746.300412079232)
    CV[21] (71317.003383162955, -24267.339535561121, 16884.814795485247)
    CV[22] (71309.76351851564, -24255.408607889494, 17023.534468681042)
    CV[23] (71301.616301470087, -24241.982409744807, 17161.678087233406)
    CV[24] (71292.558297954063, -24227.055281951187, 17300)
    CV[25] (71278.792642316665, -24204.370183573938, 17510.210982462464)
    CV[26] (71262.930498879272, -24178.230180233018, 17720.724966300004)
    CV[27] (71244.452446485913, -24147.779292356347, 17929.598056280825)
    CV[28] (71235.196037522983, -24132.525202505833, 18034.231093413484)
    CV[29] (71225.269944437096, -24116.167507377686, 18138.602073463797)
    CV[30] (71204.622248364671, -24082.14115737992, 18347.106737364196)
    CV[31] (71193.903601849845, -24064.477374624894, 18451.210457345431)
    CV[32] (71183.068587010595, -24046.621822806534, 18555.260579922971)
    CV[33] (71161.417564902629, -24010.942042676568, 18763.178292790559)
    CV[34] (71139.297688584862, -23974.48961472257, 18970.924182132949)
    CV[35] (71116.528486442141, -23936.967130927755, 19178.393450230862)
    CV[36] (71093.759434455031, -23899.444894581724, 19385.861350135321)
    CV[37] (71070.33895168874, -23860.849133537664, 19593.076127376458)
    CV[38] (71046.287907207152, -23821.214238948385, 19800.000000000004)
    CV[39] (71021.926365640524, -23781.067660999779, 20009.595243479103)
    CV[40] (70996.914014459486, -23739.848582000988, 20218.922487872922)
    CV[41] (70971.240715405234, -23697.540294618564, 20427.929117883672)
    CV[42] (70945.572882248714, -23655.241014756819, 20636.891249956607)
    CV[43] (70919.240864582956, -23611.847192700388, 20845.563575147989)
    CV[44] (70892.253178409199, -23567.372862384949, 21053.900712287606)
    CV[45] (70865.265220566391, -23522.898084372766, 21262.23994663381)
    CV[46] (70837.616756896721, -23477.33482644683, 21470.27472958307)
    CV[47] (70809.308883310558, -23430.684894611524, 21677.955863007228)
    CV[48] (70795.154665388283, -23407.359465407295, 21781.798492227874)
    CV[49] (70780.835083265629, -23383.761524435206, 21885.559046901421)
    CV[50] (70751.870019610302, -23336.028576885681, 22092.906837538765)
    CV[51] (70737.223997596026, -23311.892679622157, 22196.497927386536)
    CV[52] (70722.415122312494, -23287.488408477177, 22299.999999999993)
    CV[53] (70707.409415189424, -23262.759768499989, 22404.87776813106)
    CV[54] (70692.235608264513, -23237.754108623252, 22509.667852443356)
    CV[55] (70661.564752431193, -23187.210102567828, 22719.067875836176)
    CV[56] (70646.067162111678, -23161.670864171254, 22823.681581575212)
    CV[57] (70630.41587619872, -23135.878343275886, 22928.207446978253)
    CV[58] (70599.12385148734, -23084.310682591953, 23137.188739720586)
    CV[59] (70567.215646704601, -23031.72758857852, 23345.840536984651)
    CV[60] (70534.624226445332, -22978.018590306951, 23554.076523841733)
    CV[61] (70502.023154135211, -22924.293685947876, 23762.374180436345)
    CV[62] (70468.732358645182, -22869.432152967442, 23970.28107166562)
    CV[63] (70434.98118356854, -22813.811937909792, 24177.891782246654)
    CV[64] (70418.104661729754, -22786.000290701464, 24281.702884619517)
    CV[65] (70401.112717507407, -22757.998433292105, 24385.444985784481)
    CV[66] (70366.933562982245, -22701.672929932272, 24592.807678556826)
    CV[67] (70349.746041766251, -22673.348771612713, 24696.429737465438)
    CV[68] (70332.476245805519, -22644.889028710237, 24800)
    CV[69] (70315.027701476822, -22616.134717614354, 24904.642250613659)
    CV[70] (70297.494684048521, -22587.24119915886, 25009.232652229191)
    CV[71] (70262.247778982186, -22529.15609736746, 25218.298986721602)
    CV[72] (70244.533676405961, -22499.964159824409, 25322.776023770224)
    CV[73] (70226.725196335101, -22470.616692983858, 25427.192465963166)
    CV[74] (70191.110042763496, -22411.924736438177, 25636.014757888421)
    CV[75] (70155.117928047708, -22352.611567153694, 25844.602964070666)
    CV[76] (70118.730381336674, -22292.64674610992, 26052.927677203428)
    CV[77] (70082.337239005516, -22232.672703769578, 26261.284426185339)
    CV[78] (70045.544768036038, -22172.040588200907, 26469.387237420033)
    CV[79] (70008.347772465975, -22110.741836723151, 26677.213426640381)
    CV[80] (69989.74648124048, -22080.087857536877, 26781.142128696145)
    CV[81] (69971.044010365775, -22049.267139449312, 26885.004171553668)
    CV[82] (69933.447581646804, -21987.310142515118, 27092.597806639667)
    CV[83] (69914.553366391061, -21956.173439467486, 27196.330749425822)
    CV[84] (69895.566823231522, -21924.884584743566, 27299.999999999993)
    CV[85] (69876.391301235475, -21893.284302535874, 27404.701102143554)
    CV[86] (69857.121137034686, -21861.528054802027, 27509.338404656468)
    CV[87] (69818.383955901343, -21797.691156072695, 27718.47606363978)
    CV[88] (69798.916678810085, -21765.610076348948, 27822.977762794446)
    CV[89] (69759.779430229799, -21701.113886872376, 28031.838464903642)
    CV[90] (69740.109182442902, -21668.698321794698, 28136.198902881606)
    CV[91] (69700.562549465365, -21603.527487711985, 28344.772874252139)
    CV[92] (69680.685877868047, -21570.771746723374, 28448.987904629947)
    CV[93] (69660.705688834962, -21537.845414280448, 28553.128111141617)
    CV[94] (69640.715631644547, -21504.90281961756, 28657.31975219879)
    CV[95] (69620.621888242837, -21471.789355366946, 28761.438152875631)
    CV[96] (69580.236280637793, -21405.235933889751, 28969.530380556185)
    CV[97] (69559.944127950614, -21371.795501256529, 29073.505642053882)
    CV[98] (69519.167732909002, -21304.598082015858, 29281.314514696915)
    CV[99] (69498.683222031192, -21270.840652895615, 29385.149471225974)
    CV[100] (69457.525676759557, -21203.015117516341, 29592.678959311619)
    CV[101] (69436.852386560815, -21168.946589703806, 29696.37478437394)
    CV[102] (69416.085438694034, -21134.723718831359, 29800.000000000011)
    CV[103] (69395.08975792503, -21100.123907802496, 29904.766572385208)
    CV[104] (69373.997865420679, -21065.365544741038, 30009.46214560714)
    CV[105] (69331.612509175146, -20995.516639500904, 30218.700018298809)
    CV[106] (69310.318744498698, -20960.425601396266, 30323.243714525106)
    CV[107] (69277.214394981725, -20905.871321869789, 30484.857533322327)
    CV[108] (69265.476672473334, -20886.528153855026, 30541.984345437424)
    CV[109] (69253.707490123561, -20867.133141626266, 30599.086987248273)
