  
  Rhino 物体: 曲线
  开发人员除错信息
  使用 Rhino 的"What"指令。
  名称: ""
  ID:DE144A91-8B00-4088-B8B3-17ED7C5AAD8E
  图层索引: 5
  渲染材质索引: -1 (从图层)
  ON_NurbsCurve dim = 3 is_rat = 0
          order = 4 cv_count = 106
  Knot Vector ( 108 knots )
  index                     value  mult       delta
      0                        0     3
      3       1259.8094134280805     3        1260
      6       2520.2015634552754     3        1260
      9       2937.9929861199903     3       417.8
     12       3355.5311678937774     3       417.5
     15       3773.1981474264931     3       417.7
     18       4191.0462450330979     3       417.8
     21       4608.9955712448282     3       417.9
     24       5026.9735486041609     3         418
     27       5665.3522368532458     3       638.4
     30       6304.1887089128104     3       638.8
     33       6942.4322143032059     3       638.2
     36       7580.6334736400222     3       638.2
     39       8226.9917408354722     3       646.4
     42       8873.2778003239582     3       646.3
     45       9519.5855019654628     3       646.3
     48       9842.6963688192591     2       323.1
     50       10165.809069147781     3       323.1
     53       10493.048649303666     2       327.2
     55       10820.290106110653     3       327.2
     58       11474.365537424117     3       654.1
     61       12128.674613146199     3       654.3
     64        12455.83558487291     2       327.2
     66       12782.997698037088     3       327.2
     69         13113.8209168213     2       330.8
     71       13444.644998983447     3       330.8
     74       14106.285278152678     3       661.6
     77       14768.006279939791     3       661.7
     80       15098.887633331384     2       330.9
     82       15429.769983660046     3       330.9
     85        15764.42210762684     2       334.7
     87       16099.075184829009     2       334.7
     89       16433.729319113419     2       334.7
     91       16768.384504873575     3       334.7
     94       17103.183370661107     2       334.8
     96       17437.983285386399     2       334.8
     98       17772.784146106274     2       334.8
    100       18107.585957916446     3       334.8
    103       18446.629415257095     2         339
    105       18687.685155476276     3       241.1
  Control Points  106 non-rational points
    index               value
    CV[ 0] (72848.521412760863, -22379.973740302918, 12300.000000000011)
    CV[ 1] (72893.597221820412, -22448.725774805022, 12712.027992845105)
    CV[ 2] (72929.626009833868, -22503.678808998982, 13126.345367456603)
    CV[ 3] (72956.096043821308, -22544.052320377807, 13543.726480358884)
    CV[ 4] (72982.484679668443, -22584.301678960113, 13959.824102412467)
    CV[ 5] (72999.521815298285, -22610.287629319682, 14381.322488771397)
    CV[ 6] (73006.629243985561, -22621.128259638328, 14800.000000000007)
    CV[ 7] (73008.994038576842, -22624.735170811346, 14939.303024709066)
    CV[ 8] (73010.26020950271, -22626.666402418643, 15078.33582725895)
    CV[ 9] (73010.446110212943, -22626.949948123322, 15217.705080860633)
    CV[10] (73010.631734635856, -22627.233072419811, 15356.867202629815)
    CV[11] (73009.739914215214, -22625.87282022227, 15496.070746766734)
    CV[12] (73007.763574654993, -22622.858401436079, 15635.186659079638)
    CV[13] (73005.786413535228, -22619.842729563323, 15774.360401538343)
    CV[14] (73002.723434628439, -22615.170910335408, 15913.474393881583)
    CV[15] (72998.579680969327, -22608.85063565852, 16052.489527659174)
    CV[16] (72994.433928543498, -22602.527312355749, 16191.571716297454)
    CV[17] (72989.207456307122, -22594.555617404145, 16330.518121979894)
    CV[18] (72982.904508268752, -22584.942023992517, 16469.330470992565)
    CV[19] (72976.602923131373, -22575.330509350373, 16608.112804291068)
    CV[20] (72969.219225693741, -22564.068499159588, 16746.895486790869)
    CV[21] (72960.77583312949, -22551.190185292275, 16885.298810856781)
    CV[22] (72952.316872410753, -22538.288126043197, 17023.957326697138)
    CV[23] (72942.819393951635, -22523.802063999574, 17161.823443369547)
    CV[24] (72932.253791325435, -22507.686841856084, 17300)
    CV[25] (72916.168964780722, -22483.153404239896, 17510.356760951247)
    CV[26] (72897.622824908613, -22454.865839912796, 17721.246500585105)
    CV[27] (72876.235952509829, -22422.245438421822, 17930.035141557226)
    CV[28] (72854.781243149555, -22389.521568369459, 18139.486038642968)
    CV[29] (72830.399627451028, -22352.333424247481, 18347.496205314528)
    CV[30] (72805.503827726963, -22314.36101915266, 18555.652972424868)
    CV[31] (72780.643764196517, -22276.443120811415, 18763.510944934871)
    CV[32] (72755.310679116694, -22237.803744707235, 18971.189103451085)
    CV[33] (72729.349478138625, -22198.206332645223, 19178.595165413957)
    CV[34] (72703.389650558165, -22158.611015362676, 19385.990255196088)
    CV[35] (72676.799659735756, -22118.05453940422, 19593.133301094829)
    CV[36] (72649.612959617443, -22076.587930517344, 19800.000000000007)
    CV[37] (72622.078168174266, -22034.590394126866, 20009.515365458301)
    CV[38] (72593.927600876123, -21991.653643472451, 20218.772139684788)
    CV[39] (72565.148989686568, -21947.7589666889, 20427.725857528312)
    CV[40] (72536.372972994068, -21903.868247171009, 20636.66073742992)
    CV[41] (72506.965994734957, -21859.015151329677, 20845.317403368004)
    CV[42] (72476.936009163692, -21813.211811419249, 21053.659424692851)
    CV[43] (72446.904341883303, -21767.405906476131, 21262.013113378547)
    CV[44] (72416.245177642195, -21720.642909611783, 21470.076907582985)
    CV[45] (72384.958689806139, -21672.923085252965, 21677.810414080574)
    CV[46] (72369.316964795958, -21649.06548979304, 21781.667082207092)
    CV[47] (72353.518012242974, -21624.968082476764, 21885.446349123984)
    CV[48] (72321.609840053017, -21576.300031895476, 22092.842711838457)
    CV[49] (72305.500138576812, -21551.728653703496, 22196.462933096966)
    CV[50] (72289.235115959105, -21526.920371400403, 22299.999999999993)
    CV[51] (72272.762165144799, -21501.794945892463, 22404.860660242441)
    CV[52] (72256.129070489493, -21476.425260434182, 22509.639026350571)
    CV[53] (72222.551993305213, -21425.211706707327, 22719.026457463126)
    CV[54] (72205.607520050573, -21399.367089957719, 22823.638626326934)
    CV[55] (72188.513777745276, -21373.294800069561, 22928.167650158903)
    CV[56] (72154.347635559927, -21321.182772901579, 23137.09518790658)
    CV[57] (72119.583520594198, -21268.1586856711, 23345.70834867817)
    CV[58] (72084.17798372473, -21214.156267451635, 23553.943369440844)
    CV[59] (72048.758998756821, -21160.133337473264, 23762.257484190075)
    CV[60] (72012.69259013595, -21105.122922317078, 23970.214802864502)
    CV[61] (71976.122723350549, -21049.344605844821, 24177.861819226058)
    CV[62] (71957.836843908153, -21021.45400464311, 24281.690699162718)
    CV[63] (71939.424808480137, -20993.370983585635, 24385.446493900865)
    CV[64] (71902.374302729659, -20936.859570860641, 24592.821387039217)
    CV[65] (71883.735480793752, -20908.430642893509, 24696.442213366721)
    CV[66] (71864.993658135179, -20879.844612715944, 24800.000000000007)
    CV[67] (71846.041991548482, -20850.938517357372, 24904.717277528587)
    CV[68] (71826.984359560418, -20821.870797901887, 25009.371434787889)
    CV[69] (71788.648330736381, -20763.398636639038, 25218.543539843857)
    CV[70] (71769.369638359713, -20733.993744057232, 25323.062986915869)
    CV[71] (71749.978432276723, -20704.417239553593, 25427.511911410875)
    CV[72] (71711.196532627553, -20645.265012264375, 25636.406999776802)
    CV[73] (71671.964841348177, -20585.426738727157, 25845.030226061594)
    CV[74] (71632.279737252858, -20524.896895715894, 26053.357553938302)
    CV[75] (71592.589339849845, -20464.35897906866, 26261.712669083649)
    CV[76] (71552.440934167782, -20403.122483701289, 26469.783729812865)
    CV[77] (71511.831463269045, -20341.182747008985, 26677.546040772751)
    CV[78] (71491.525056306855, -20310.210329182086, 26781.435747887514)
    CV[79] (71471.103231412271, -20279.061869752502, 26885.25116223258)
    CV[80] (71430.038168582527, -20216.427239883269, 27092.734339660903)
    CV[81] (71409.394603287787, -20184.9405701373, 27196.403712406842)
    CV[82] (71388.64292438043, -20153.288999727767, 27300)
    CV[83] (71367.654638053195, -20121.276543028365, 27404.777476374311)
    CV[84] (71346.55519838538, -20089.094549309764, 27509.481634591179)
    CV[85] (71304.127603362722, -20024.381712475606, 27718.733883110945)
    CV[86] (71282.799107332045, -19991.850349743057, 27823.283605872726)
    CV[87] (71239.908700175976, -19926.431607093167, 28032.221760662564)
    CV[88] (71218.346431673242, -19893.54368208479, 28136.61190526676)
    CV[89] (71174.986247942652, -19827.408411081138, 28345.227272877008)
    CV[90] (71153.187965700548, -19794.160505296135, 28449.454254837441)
    CV[91] (71131.272037237402, -19760.733159203402, 28553.597675186647)
    CV[92] (71109.346427827695, -19727.291047213264, 28657.787098920493)
    CV[93] (71087.302922629853, -19693.669114262342, 28761.894792662493)
    CV[94] (71042.988745666196, -19626.078761762801, 28969.947233215324)
    CV[95] (71020.717706866591, -19592.10978239464, 29073.89366341646)
    CV[96] (70975.953674119854, -19523.833285797762, 29281.625525005955)
    CV[97] (70953.46033127862, -19489.525236417085, 29385.412560281602)
    CV[98] (70908.254343162698, -19420.574645856628, 29592.825818722486)
    CV[99] (70885.541358944101, -19385.931587701471, 29696.453605191818)
    CV[100] (70862.718815132132, -19351.12142339554, 29800.000000000011)
    CV[101] (70839.606860468935, -19315.869834182457, 29904.859458352319)
    CV[102] (70816.381961368665, -19280.445976073977, 30009.636902319857)
    CV[103] (70776.444646174365, -19219.531447207042, 30188.759693685413)
    CV[104] (70759.789775894402, -19194.128548401546, 30263.14928638819)
    CV[105] (70743.074889485171, -19168.634109786151, 30337.493675087127)
