  
  Rhino 物体: 曲线
  开发人员除错信息
  使用 Rhino 的"What"指令。
  名称: ""
  ID:FEC14E5D-D81C-4346-B64A-650B5FD44DC4
  图层索引: 5
  渲染材质索引: -1 (从图层)
  ON_NurbsCurve dim = 3 is_rat = 0
          order = 4 cv_count = 87
  Knot Vector ( 89 knots )
  index                     value  mult       delta
      0                        0     3
      3       1262.2259257622404     3        1262
      6       2522.7675365730151     3        1261
      9       2942.0211788537194     3       419.3
     12       3360.8325328357887     3       418.8
     15       3779.5582176043467     3       418.7
     18       4198.1876469547515     3       418.6
     21       4616.8351427342495     3       418.6
     24       5035.1890278025858     3       418.4
     27       5678.4430341457983     3       643.3
     30       6322.4259283621632     3         644
     33       6966.0138395995909     3       643.6
     36       7609.5039711189575     3       643.5
     39       8260.9851705941874     3       651.5
     42       8912.5327654413286     3       651.5
     45       9564.1626306191538     3       651.6
     48        9889.910458228007     2       325.7
     50       10215.659600301477     3       325.7
     53       10545.736783951472     2       330.1
     55        10875.81544542646     3       330.1
     58       11535.408153870612     3       659.6
     61       12195.138567566932     3       659.7
     64       12524.992501404256     2       329.9
     66       12854.848137510573     3       329.9
     69       13189.836611409952     2         335
     71       13524.826854140361     3         335
     74       14194.825270627402     3         670
     77       14864.707756711001     3       669.9
     80       15534.506505422914     3       669.8
     83       16897.652696560344     3        1363
     86       18185.131916680959     3        1287
  Control Points  87 non-rational points
    index               value
    CV[ 0] (76130.813409584822, -18675.040514881075, 12300)
    CV[ 1] (76185.377696440148, -18746.150077877861, 12711.044560278657)
    CV[ 2] (76228.34557823182, -18802.146911579832, 13125.88288875041)
    CV[ 3] (76258.89223335417, -18841.956087543651, 13543.602149656232)
    CV[ 4] (76289.344115821295, -18881.641753378673, 13960.025413886226)
    CV[ 5] (76307.549682471261, -18905.367709735849, 14380.658165078014)
    CV[ 6] (76312.787700077664, -18912.194027175839, 14800)
    CV[ 7] (76314.53353501622, -18914.469243561871, 14939.7669274175)
    CV[ 8] (76314.839215819506, -18914.867614540246, 15079.427093320557)
    CV[ 9] (76313.718233291671, -18913.406721669191, 15219.21119210211)
    CV[10] (76312.598811669013, -18911.947863009362, 15358.800649382672)
    CV[11] (76310.058041939599, -18908.636667435323, 15498.346359469879)
    CV[12] (76306.085410308646, -18903.459433103024, 15637.795424929322)
    CV[13] (76302.114012956998, -18898.283807314845, 15777.201164172973)
    CV[14] (76296.711141634951, -18891.242648330077, 15916.52791132006)
    CV[15] (76289.8881307845, -18882.350727481116, 16055.635367545106)
    CV[16] (76283.064501582572, -18873.458000780814, 16194.755430711893)
    CV[17] (76274.823979843684, -18862.718743777914, 16333.584696343574)
    CV[18] (76265.159366628301, -18850.12357463182, 16472.249726701026)
    CV[19] (76255.504217536596, -18837.540739371827, 16610.778968593)
    CV[20] (76244.412335213448, -18823.085516912812, 16749.36553079588)
    CV[21] (76231.953848565157, -18806.849301024744, 16887.289568938235)
    CV[22] (76219.463640106245, -18790.571744468249, 17025.564789398319)
    CV[23] (76205.662769548886, -18772.586099811866, 17162.476646054125)
    CV[24] (76190.404855195418, -18752.701598713298, 17300)
    CV[25] (76167.089530454774, -18722.31647597118, 17510.146785621582)
    CV[26] (76140.375787553334, -18687.502448459582, 17721.687780245735)
    CV[27] (76111.463814262024, -18649.823631331979, 17929.942065300878)
    CV[28] (76082.377237926645, -18611.917267087432, 18139.454024183589)
    CV[29] (76050.835343318482, -18570.811069775187, 18347.307816535638)
    CV[30] (76018.62847131156, -18528.838257045525, 18555.570384226936)
    CV[31] (75986.474084420726, -18486.933844250765, 18763.493562081203)
    CV[32] (75953.75607696535, -18444.294906836505, 18971.189295029806)
    CV[33] (75920.430291644007, -18400.8638978872, 19178.610627840753)
    CV[34] (75887.109065127675, -18357.438830088257, 19386.003586424205)
    CV[35] (75853.177471999719, -18313.218317035244, 19593.140052789058)
    CV[36] (75818.658624741031, -18268.232479499668, 19800)
    CV[37] (75783.710506071249, -18222.687204569982, 20009.432427710439)
    CV[38] (75748.156600713017, -18176.352453058284, 20218.600108660274)
    CV[39] (75712.01561453077, -18129.252602921737, 20427.481793142455)
    CV[40] (75675.870337261396, -18082.147160531578, 20636.388278539107)
    CV[41] (75639.135295123648, -18034.273121601876, 20845.02730207768)
    CV[42] (75601.812954780151, -17985.633700749899, 21053.370896614244)
    CV[43] (75564.48530271987, -17936.987357533846, 21261.744142618532)
    CV[44] (75526.566273414966, -17887.5703164886, 21469.839474089717)
    CV[45] (75488.06156765706, -17837.390007030415, 21677.630292774229)
    CV[46] (75468.81268627489, -17812.304376444004, 21781.50696816844)
    CV[47] (75449.417036458224, -17787.027473510087, 21885.311250069099)
    CV[48] (75410.332423720538, -17736.09141456287, 22092.768253000559)
    CV[49] (75390.643038997354, -17710.431708846296, 22196.423226779316)
    CV[50] (75370.805194218279, -17684.578526218269, 22299.999999999993)
    CV[51] (75350.703616780753, -17658.381640498512, 22404.953766440427)
    CV[52] (75330.448890563624, -17631.985167403534, 22509.829551387436)
    CV[53] (75289.609156971244, -17578.761790428784, 22719.404675962152)
    CV[54] (75269.023595794439, -17551.934164820712, 22824.106721410088)
    CV[55] (75248.262085345283, -17524.877237656852, 22928.712618093785)
    CV[56] (75206.774705969234, -17470.809832265189, 23137.744833323002)
    CV[57] (75164.582302648094, -17415.823621780946, 23346.410659175635)
    CV[58] (75121.708745141121, -17359.949713879934, 23554.681513087693)
    CV[59] (75078.825248705849, -17304.062853315394, 23763.000648252892)
    CV[60] (75035.254053548968, -17247.279766329004, 23970.948529564237)
    CV[61] (74991.019447857834, -17189.632105902834, 24178.4989245342)
    CV[62] (74968.902147283909, -17160.808278650205, 24282.274111360628)
    CV[63] (74946.618367932242, -17131.767492030682, 24385.954851726459)
    CV[64] (74901.723258605431, -17073.259046508654, 24593.121578502065)
    CV[65] (74879.111313254994, -17043.790585633524, 24696.610399333997)
    CV[66] (74856.335618055891, -17014.108721801033, 24800)
    CV[67] (74833.20527690278, -16983.964674363458, 24904.999505577431)
    CV[68] (74809.905019639555, -16953.599187940155, 25009.899363697336)
    CV[69] (74762.967352811567, -16892.428829660257, 25219.491991871117)
    CV[70] (74739.329287971748, -16861.62310383255, 25324.18768601838)
    CV[71] (74715.525800484233, -16830.601795013376, 25428.779825487094)
    CV[72] (74667.917612083547, -16768.557596007926, 25637.969436197265)
    CV[73] (74619.64578049889, -16705.648520367631, 25846.761865333505)
    CV[74] (74570.723359113515, -16641.891579592746, 26055.126833432405)
    CV[75] (74521.808412697879, -16578.144380388057, 26263.459964966703)
    CV[76] (74472.236232996889, -16513.540658091038, 26471.386988575094)
    CV[77] (74422.019901357635, -16448.097460645095, 26678.878184345049)
    CV[78] (74371.808857046213, -16382.661153778938, 26886.347533159224)
    CV[79] (74320.950545284562, -16316.381311549636, 27093.404775764633)
    CV[80] (74269.428353112569, -16249.236283526052, 27299.999999999996)
    CV[81] (74164.412325112586, -16112.376731443233, 27721.096404060871)
    CV[82] (74057.0950415189, -15972.518124684833, 28138.412973105464)
    CV[83] (73946.657866250302, -15828.593595939985, 28555.749377600881)
    CV[84] (73842.72559587298, -15693.146424287348, 28948.504081121922)
    CV[85] (73735.857683058566, -15553.87344892964, 29341.927855051112)
    CV[86] (73627.154560472554, -15412.208781635909, 29731.491761613444)
