  
  Rhino 物体: 曲线
  开发人员除错信息
  使用 Rhino 的"What"指令。
  名称: ""
  ID:C8E084E0-6AF0-479d-9293-BE4DA9016EB0
  图层索引: 5
  渲染材质索引: -1 (从图层)
  ON_NurbsCurve dim = 3 is_rat = 0
          order = 4 cv_count = 67
  Knot Vector ( 69 knots )
  index                     value  mult       delta
      0                        0     3
      3        1265.356554091079     3        1265
      6        2530.737458980544     3        1265
      9       2947.5629059430298     3       416.8
     12       3364.8936553575327     3       417.3
     15       3781.8801495401312     3         417
     18       4199.0482552627491     3       417.2
     21        4616.242024079128     3       417.2
     24       5033.2393859869353     3         417
     27       5663.2193172185243     3         630
     30       6293.2039504412951     3         630
     33       6923.1755656061405     3         630
     36       7553.2122856384794     3         630
     39       8192.7782641077465     3       639.6
     42       8832.5682076436224     3       639.8
     45       9472.0569270034193     3       639.5
     48       10111.606213003379     3       639.5
     51       10763.093763271057     3       651.5
     54       11414.610457849827     3       651.5
     57       12066.187508216213     3       651.6
     60       12717.775689094349     3       651.6
     63       13385.500825318704     3       667.7
     66       13701.053784107737     3       315.6
  Control Points  67 non-rational points
    index               value
    CV[ 0] (-19295.112729822082, -5444.3600679268193, 12299.999999999998)
    CV[ 1] (-19374.39990156113, -5497.8399406070084, 12711.284561483273)
    CV[ 2] (-19439.802742009524, -5541.954713569452, 13124.653969896312)
    CV[ 3] (-19490.987512100401, -5576.4792769708802, 13542.384933022546)
    CV[ 4] (-19541.869772553961, -5610.79979504526, 13957.647043755236)
    CV[ 5] (-19579.172898877325, -5635.9610714861956, 14381.094378583855)
    CV[ 6] (-19601.57784398691, -5651.0733978006047, 14799.999999999993)
    CV[ 7] (-19609.006199825599, -5656.0838870861053, 14938.888089369755)
    CV[ 8] (-19614.791570716701, -5659.9861690300568, 15077.184181293667)
    CV[ 9] (-19619.034223684692, -5662.8478745944958, 15216.266645216145)
    CV[10] (-19623.271428216834, -5665.7059051425485, 15355.170498753019)
    CV[11] (-19625.957992112697, -5667.5180153735791, 15494.467906396303)
    CV[12] (-19627.089727320243, -5668.2813804108191, 15633.459003852959)
    CV[13] (-19628.221839632726, -5669.0449998085514, 15772.496414465781)
    CV[14] (-19627.799446818604, -5668.760092257623, 15911.393411450657)
    CV[15] (-19625.762060848465, -5667.3858580669767, 16050.416138222485)
    CV[16] (-19623.724875601118, -5666.0117592655624, 16189.425168507578)
    CV[17] (-19620.074422867016, -5663.5494978030492, 16328.463636634706)
    CV[18] (-19615.122561224947, -5660.2094249471356, 16467.364453556023)
    CV[19] (-19610.169446959433, -5656.8685071860391, 16606.300406842798)
    CV[20] (-19603.911993608835, -5652.647801602121, 16745.162473355984)
    CV[21] (-19596.902715418735, -5647.9199837601582, 16883.967589373537)
    CV[22] (-19589.896783991677, -5643.1944233383756, 17022.706429260976)
    CV[23] (-19582.139265862916, -5637.9619112845203, 17161.401756933486)
    CV[24] (-19573.48536974267, -5632.1247846403585, 17299.999999999996)
    CV[25] (-19560.408424045272, -5623.3042733823177, 17509.436498098763)
    CV[26] (-19545.289688480971, -5613.1065574677559, 17718.56336474443)
    CV[27] (-19528.088790891394, -5601.5044055319668, 17927.565823593279)
    CV[28] (-19510.891882702428, -5589.9049444808688, 18136.519808545207)
    CV[29] (-19491.621787114509, -5576.9071008704404, 18345.252138058393)
    CV[30] (-19470.297086286857, -5562.5234085253624, 18553.651751367099)
    CV[31] (-19448.972917087482, -5548.1400747680837, 18762.046169239457)
    CV[32] (-19425.588559180447, -5532.3671261794816, 18970.163455656937)
    CV[33] (-19400.160545084276, -5515.2157140841055, 19177.887003228956)
    CV[34] (-19374.72137200685, -5498.056775160826, 19385.701709440575)
    CV[35] (-19347.255201542121, -5479.5306092345054, 19592.971573796047)
    CV[36] (-19317.737117159279, -5459.6204098928902, 19800.000000000004)
    CV[37] (-19287.788541229282, -5439.4198403359314, 20010.047727400692)
    CV[38] (-19255.732097873002, -5417.797496245822, 20219.816536795999)
    CV[39] (-19221.584803226047, -5394.7648551509628, 20428.93031001847)
    CV[40] (-19187.418412832434, -5371.7193338123316, 20638.161023211673)
    CV[41] (-19151.130030788398, -5347.242511031056, 20846.912443992747)
    CV[42] (-19113.439081506313, -5321.8196447011105, 21055.257706703698)
    CV[43] (-19075.764374368551, -5296.4077338358566, 21263.513187281504)
    CV[44] (-19036.676704902733, -5270.0427678451797, 21471.422169563208)
    CV[45] (-18996.090149610463, -5242.6667905975391, 21678.868466842403)
    CV[46] (-18955.497701287597, -5215.2868384505655, 21886.344884622544)
    CV[47] (-18913.39517213892, -5186.8883239242159, 22093.418348868105)
    CV[48] (-18869.819580152121, -5157.4962159664792, 22300)
    CV[49] (-18825.426204779524, -5127.5525061494091, 22510.458570168546)
    CV[50] (-18779.498462100441, -5096.5738525148727, 22720.432611631273)
    CV[51] (-18731.959062935966, -5064.5081228533818, 22929.88936293585)
    CV[52] (-18684.416754248574, -5032.4404306938995, 23139.358933485699)
    CV[53] (-18635.271294022681, -4999.29139916658, 23348.272811790441)
    CV[54] (-18584.535422596942, -4965.0696217383593, 23556.649451140896)
    CV[55] (-18533.804539665631, -4930.8512090921204, 23765.005602310597)
    CV[56] (-18481.466200297527, -4895.5485533874707, 23972.895908425147)
    CV[57] (-18427.586597251546, -4859.2063022041193, 24180.098758898093)
    CV[58] (-18373.668959989482, -4822.8383966180572, 24387.447876187111)
    CV[59] (-18318.269773348897, -4785.4711733568347, 24593.870531683115)
    CV[60] (-18261.22849004023, -4746.9963419061432, 24800)
    CV[61] (-18202.838299943953, -4707.6116613376616, 25011.003998180386)
    CV[62] (-18142.726143092808, -4667.065499525871, 25221.705433242132)
    CV[63] (-18081.112407604414, -4625.5065101333021, 25431.371441254378)
    CV[64] (-18051.973616705356, -4605.8521474771969, 25530.528129575279)
    CV[65] (-18022.483451859767, -4585.960780101268, 25629.506090563238)
    CV[66] (-17992.63601934311, -4565.8284326381145, 25728.325475601254)
