  
  Rhino 物体: 曲线
  开发人员除错信息
  使用 Rhino 的"What"指令。
  名称: ""
  ID:F01A1C16-C389-4899-82FE-3CC0D0FBDBD0
  图层索引: 5
  渲染材质索引: -1 (从图层)
  ON_NurbsCurve dim = 3 is_rat = 0
          order = 4 cv_count = 93
  Knot Vector ( 95 knots )
  index                     value  mult       delta
      0                        0     3
      3       1257.2737413917303     3        1257
      6       2512.2543899288003     3        1255
      9       2934.7689583333431     3       422.5
     12       3357.1033053908113     3       422.3
     15       3779.4056112795788     3       422.3
     18       4201.5963885749543     3       422.2
     21       4623.9408777638964     3       422.3
     24       5045.9624038117408     3         422
     27       5372.1452872377513     2       326.2
     29       5535.6473460778816     2       163.5
     31       5699.1505826360235     3       163.5
     34       6025.8345234880835     2       326.7
     36       6352.5191924800383     3       326.7
     39         6679.20165729977     2       326.7
     41       7005.8857818555671     3       326.7
     44       7659.1573842653906     3       653.3
     47       8320.4111495714478     3       661.3
     50       8981.6905336536602     3       661.3
     53        9643.028871559658     3       661.3
     56       10304.265771002289     3       661.2
     59       10976.889052386976     3       672.6
     62       11649.291228815548     3       672.4
     65       12321.609811939201     3       672.3
     68       12657.828330178969     2       336.2
     70       12994.050123090101     3       336.2
     73       13338.719857510499     2       344.7
     75        13683.39313874162     3       344.7
     78       14373.050163225262     3       689.7
     81       15062.498322253468     3       689.4
     84       15407.268706529157     2       344.8
     86       15752.042538573642     3       344.8
     89       17172.835573647837     3        1421
     92       17443.188798757212     3       270.4
  Control Points  93 non-rational points
    index               value
    CV[ 0] (80543.201691163922, -13137.663862394311, 12299.999999999996)
    CV[ 1] (80593.838800737431, -13190.560077080534, 12712.085306624285)
    CV[ 2] (80630.082140401268, -13228.420363576941, 13128.976118067703)
    CV[ 3] (80650.783028571735, -13250.044793448291, 13546.464651347009)
    CV[ 4] (80671.50579301895, -13271.692075576439, 13964.394378000152)
    CV[ 5] (80676.571794462332, -13276.984089717966, 14381.290652419104)
    CV[ 6] (80665.465366952412, -13265.382164195173, 14799.999999999993)
    CV[ 7] (80661.735094841366, -13261.485471116004, 14940.630261218015)
    CV[ 8] (80656.180888809889, -13255.683471809045, 15081.448519193358)
    CV[ 9] (80648.821846724139, -13247.996116165494, 15221.779334379791)
    CV[10] (80641.458968161183, -13240.304752885579, 15362.183307997231)
    CV[11] (80632.280111616376, -13230.716394259722, 15502.276062589515)
    CV[12] (80621.284614240809, -13219.230347866902, 15642.182444159964)
    CV[13] (80610.294932984194, -13207.750377071197, 15782.014821605871)
    CV[14] (80597.492967875194, -13194.377269867509, 15921.630031350898)
    CV[15] (80582.914153085614, -13179.148041274584, 16060.774398417245)
    CV[16] (80568.330434110612, -13163.913689702735, 16199.965572428195)
    CV[17] (80551.978210863686, -13146.831934469259, 16338.594502866061)
    CV[18] (80533.842805893713, -13127.887443308671, 16476.909832234109)
    CV[19] (80515.728560243704, -13108.965055462058, 16615.063783440717)
    CV[20] (80495.796261416137, -13088.143504491776, 16753.202357135833)
    CV[21] (80474.208347217442, -13065.592475143942, 16890.308417843051)
    CV[22] (80452.538143403566, -13042.955484942742, 17027.93710453761)
    CV[23] (80429.349324808543, -13018.732129047161, 17163.573469471878)
    CV[24] (80404.30973960273, -12992.575437129797, 17300)
    CV[25] (80385.045943843565, -12972.452213574375, 17404.957522204262)
    CV[26] (80364.693411739718, -12951.191681197228, 17510.342869035692)
    CV[27] (80333.625545822899, -12918.737765102489, 17667.050524255545)
    CV[28] (80323.12669134399, -12907.770518647234, 17719.322669990481)
    CV[29] (80301.976921411988, -12885.677180770932, 17823.800448380669)
    CV[30] (80291.325612419037, -12874.550678252783, 17876.007377297396)
    CV[31] (80280.645670578233, -12863.394265471607, 17928.201653307384)
    CV[32] (80259.279525465434, -12841.074899132916, 18032.620805762435)
    CV[33] (80237.798201875979, -12818.635215788003, 18136.99132537339)
    CV[34] (80194.526268631918, -12773.432764659907, 18345.596814562785)
    CV[35] (80172.735185557234, -12750.669502335641, 18449.833480814505)
    CV[36] (80150.751726775125, -12727.705281725939, 18553.983813769384)
    CV[37] (80128.768258083845, -12704.741050764978, 18658.134193670627)
    CV[38] (80106.592214031538, -12681.575652957701, 18762.200757124912)
    CV[39] (80061.894854982675, -12634.884182609794, 18970.175633584458)
    CV[40] (80039.372981178662, -12611.357526331296, 19074.086478447894)
    CV[41] (80016.697007372553, -12587.669895090707, 19177.925472746945)
    CV[42] (79971.351755746684, -12540.301627328103, 19385.572798737394)
    CV[43] (79925.387610010075, -12492.28685434382, 19592.944790951155)
    CV[44] (79878.772679036279, -12443.592262232611, 19800.000000000015)
    CV[45] (79831.587508698329, -12394.301990311023, 20009.58811059541)
    CV[46] (79783.731176434041, -12344.310613495334, 20218.86784939963)
    CV[47] (79735.244213993108, -12293.660471803603, 20427.830132466013)
    CV[48] (79686.754606663366, -12243.00756722499, 20636.803814101742)
    CV[49] (79637.630907615705, -12191.692281797132, 20845.477197712378)
    CV[50] (79587.866333683764, -12139.707529732048, 21053.819732227596)
    CV[51] (79538.096603737125, -12087.717391623752, 21262.183852724233)
    CV[52] (79487.681774324912, -12035.05337382303, 21470.233219665501)
    CV[53] (79436.63442935652, -11981.728621653092, 21677.946495890919)
    CV[54] (79385.594169647055, -11928.411270841179, 21885.630941971624)
    CV[55] (79333.918155443345, -11874.429802221232, 22092.996480020534)
    CV[56] (79281.578630793636, -11819.755221547828, 22300)
    CV[57] (79228.337369842775, -11764.138674846379, 22510.56989911044)
    CV[58] (79174.402520757343, -11707.797596528129, 22720.788113617975)
    CV[59] (79119.368753287446, -11650.308573090635, 22930.38572605919)
    CV[60] (79064.352124041747, -11592.837452475682, 23139.91806710367)
    CV[61] (79008.229059603051, -11534.210534580849, 23348.863726472635)
    CV[62] (78951.097645171365, -11474.530280542684, 23557.199356662975)
    CV[63] (78893.970894865037, -11414.854898713422, 23765.517978636235)
    CV[64] (78835.824106902277, -11354.113971648358, 23973.271492393818)
    CV[65] (78776.655186697288, -11292.305311314554, 24180.385449725349)
    CV[66] (78747.063743015926, -11261.393686006004, 24283.966873600682)
    CV[67] (78717.214045620436, -11230.212285348476, 24387.396578070689)
    CV[68] (78656.99883116399, -11167.310651781887, 24593.935181986981)
    CV[69] (78626.631737550459, -11135.588771984514, 24697.049467046672)
    CV[70] (78596.007519085862, -11103.598296063908, 24799.999999999993)
    CV[71] (78564.613217923004, -11070.803381262878, 24905.539347564074)
    CV[72] (78532.947286001872, -11037.724717270255, 25010.912500438513)
    CV[73] (78469.081425966433, -10971.009569584943, 25221.312952623986)
    CV[74] (78436.879747463521, -10937.371257412449, 25326.345988211004)
    CV[75] (78404.412591154396, -10903.455623505954, 25431.203075117599)
    CV[76] (78339.449247205834, -10835.594029169722, 25641.011009551403)
    CV[77] (78273.41209321827, -10766.610718234049, 25850.145790244809)
    CV[78] (78206.323916666792, -10696.529494805975, 26058.540389664915)
    CV[79] (78139.253311801498, -10626.466627000735, 26266.880406523796)
    CV[80] (78071.119151737192, -10555.292754941675, 26474.526323212202)
    CV[81] (78001.956599820114, -10483.044610739427, 26681.42088028623)
    CV[82] (77967.36849119718, -10446.913401143973, 26784.888598223388)
    CV[83] (77932.519748479754, -10410.509929621763, 26888.176908537225)
    CV[84] (77862.295732333281, -10337.152965421055, 27094.371693030222)
    CV[85] (77826.918546647925, -10300.197475173534, 27197.283744856275)
    CV[86] (77791.277333017177, -10262.96617773638, 27299.999999999993)
    CV[87] (77644.755399064015, -10109.907368892365, 27722.269132246936)
    CV[88] (77492.703391190647, -9951.0717694736741, 28144.324837790064)
    CV[89] (77337.509163448587, -9788.9537643614894, 28560.06304095059)
    CV[90] (77307.85710619895, -9757.9788212935491, 28639.495718185644)
    CV[91] (77278.078299989167, -9726.871474534646, 28718.730045573531)
    CV[92] (77248.161722255027, -9695.620209764018, 28797.793574854397)
