  
  Rhino 物体: 曲线
  开发人员除错信息
  使用 Rhino 的"What"指令。
  名称: ""
  ID:E926DBBC-276A-48f3-917D-87BB0A943459
  图层索引: 5
  渲染材质索引: -1 (从图层)
  ON_NurbsCurve dim = 3 is_rat = 0
          order = 4 cv_count = 96
  Knot Vector ( 98 knots )
  index                     value  mult       delta
      0                        0     3
      3       1249.5788787143456     3        1250
      6       2506.7104757216634     3        1257
      9        2933.023297140975     3       426.3
     12       3359.9552077109433     3       426.9
     15       3787.4394386493723     3       427.5
     18       4215.2857127857296     3       427.8
     21       4643.6022550952111     3       428.3
     24       5071.9030985720183     3       428.3
     27       5237.0004760451893     2       165.1
     29       5402.1003732545059     2       165.1
     31       5567.2005314695607     2       165.1
     33       5732.3010868692936     3       165.1
     36       6062.3309931592821     2         330
     38       6392.3608707710928     3         330
     41       6722.4272668265294     2       330.1
     43       7052.4950808070789     3       330.1
     46        7712.556657241671     3       660.1
     49       8381.2227727133431     3       668.7
     52        9049.816804836064     3       668.6
     55       9718.4805766797872     3       668.7
     58       10387.054149141666     3       668.6
     61       11069.375745024119     3       682.3
     64       11751.663633174303     3       682.3
     67       12433.850439829641     3       682.2
     70       12775.013913222883     2       341.2
     72       13116.181132009409     3       341.2
     75       13467.329289369252     2       351.1
     77       13818.481329483824     3       351.2
     80       14169.790401497767     2       351.3
     82       14521.103548051791     3       351.3
     85       14872.313169110759     2       351.2
     87       15223.526794790601     3       351.2
     90       15574.824628731852     2       351.3
     92       15926.126473363811     3       351.3
     95       16944.464881495696     3        1018
  Control Points  96 non-rational points
    index               value
    CV[ 0] (83454.011402541946, -9097.7960758853533, 12300)
    CV[ 1] (83464.506965253328, -9107.163723749245, 12715.683509393892)
    CV[ 2] (83462.463505746986, -9105.3398664101314, 13133.401463370208)
    CV[ 3] (83447.41676307845, -9091.9101351328736, 13548.842647344931)
    CV[ 4] (83432.221055885486, -9078.3474479343895, 13968.396747966062)
    CV[ 5] (83403.832388044873, -9053.0095931695432, 14383.696342197391)
    CV[ 6] (83362.103823943209, -9015.765425789501, 14799.999999999996)
    CV[ 7] (83348.000047850132, -9003.1773243580337, 14940.7058618667)
    CV[ 8] (83332.372031556006, -8989.2287865349281, 15081.528624481238)
    CV[ 9] (83315.256130311929, -8973.9522606223345, 15221.633199130416)
    CV[10] (83298.095412018709, -8958.6357339640672, 15362.104629928108)
    CV[11] (83279.405454683438, -8941.9543092779659, 15502.128911082451)
    CV[12] (83259.188677956379, -8923.9101461844839, 15641.867793657604)
    CV[13] (83238.955077241233, -8905.8509671075335, 15781.722964072755)
    CV[14] (83217.195228842844, -8886.4295598925819, 15921.270746951177)
    CV[15] (83193.947860341228, -8865.6804902262975, 16060.281652601854)
    CV[16] (83170.668677924215, -8844.9030255549205, 16199.482794028801)
    CV[17] (83145.905565071065, -8822.8011023325744, 16338.099759481849)
    CV[18] (83119.645592223242, -8799.3631804870711, 16476.344521760948)
    CV[19] (83093.390210942394, -8775.9293567717741, 16614.565111886906)
    CV[20] (83065.587568587565, -8751.1145497501948, 16752.681661988361)
    CV[21] (83036.396438372671, -8725.0604699336163, 16889.84035327064)
    CV[22] (83007.097064335583, -8698.9097788120835, 17027.507643599329)
    CV[23] (82976.557861788373, -8671.6524984381304, 17163.462239328823)
    CV[24] (82944.45384045114, -8642.9985638971939, 17299.999999999993)
    CV[25] (82932.112378282356, -8631.9833877792535, 17352.487991776256)
    CV[26] (82919.57905674573, -8620.7969706286385, 17404.89655014392)
    CV[27] (82894.24279867133, -8598.1834957386836, 17509.591798392641)
    CV[28] (82881.438969686133, -8586.7556414595547, 17561.881591416332)
    CV[29] (82855.664623068442, -8563.7511575956596, 17666.384781580797)
    CV[30] (82842.693655742565, -8552.1741266441677, 17718.599501575201)
    CV[31] (82816.683201563996, -8528.9589087254044, 17822.997541358458)
    CV[32] (82803.643509916015, -8517.3205389713385, 17875.181209091657)
    CV[33] (82790.61811865319, -8505.6949327989932, 17927.37125982008)
    CV[34] (82764.580552605315, -8482.4555166117188, 18031.698405581978)
    CV[35] (82738.600497721665, -8459.2674311010014, 18136.051340291637)
    CV[36] (82686.506773749818, -8412.7720048426236, 18344.697285737118)
    CV[37] (82660.39266916964, -8389.464275403494, 18448.990631202607)
    CV[38] (82634.087077963311, -8365.9856376163843, 18553.196696441788)
    CV[39] (82607.778520215041, -8342.5043520893596, 18657.414513238306)
    CV[40] (82581.27838867181, -8318.8520804131767, 18761.546463878993)
    CV[41] (82527.937652299588, -8271.2436530351879, 18969.650926709754)
    CV[42] (82501.09648620701, -8247.2869963864996, 19073.62556140366)
    CV[43] (82474.104945665982, -8223.1961254112539, 19177.52876280039)
    CV[44] (82420.127913910706, -8175.0197826913472, 19385.31187887488)
    CV[45] (82365.546403623215, -8126.3039222546095, 19592.819253326208)
    CV[46] (82310.301657931428, -8076.9961015876888, 19800.000000000007)
    CV[47] (82254.336191058042, -8027.0450126727546, 20009.883620054421)
    CV[48] (82197.686209075575, -7976.482970664998, 20219.448096195847)
    CV[49] (82140.232405150426, -7925.2034901442985, 20428.60404546401)
    CV[50] (82082.783962318936, -7873.928794582619, 20637.740478102245)
    CV[51] (82024.526181915047, -7821.9317376202634, 20846.487596307434)
    CV[52] (81965.484151581433, -7769.2347108343629, 21054.82042551053)
    CV[53] (81906.434776113907, -7716.5311282658085, 21263.179172395005)
    CV[54] (81846.595444506966, -7663.122482886849, 21471.145576343781)
    CV[55] (81785.980452704476, -7609.0215343152249, 21678.69044440888)
    CV[56] (81725.372498147524, -7554.9268667253846, 21886.211217045493)
    CV[57] (81663.981205034273, -7500.1330427438816, 22093.331296098022)
    CV[58] (81601.782604979016, -7444.6186697686117, 22299.999999999996)
    CV[59] (81538.304183031752, -7387.9620120828949, 22510.921197228388)
    CV[60] (81473.978421205888, -7330.5490746414316, 22721.402303478346)
    CV[61] (81408.404534124376, -7272.0221428190589, 22931.160896280933)
    CV[62] (81342.832437722464, -7213.4968092393365, 23140.913761034572)
    CV[63] (81275.997977526058, -7153.8447728969013, 23349.98174718516)
    CV[64] (81208.005084953678, -7093.158796129308, 23558.333904931656)
    CV[65] (81140.019021240587, -7032.4789143516455, 23766.66513685033)
    CV[66] (81070.860597127845, -6970.7526609124079, 23974.332130716815)
    CV[67] (81000.532708355619, -6907.9826203585089, 24181.251286689454)
    CV[68] (80965.35915461056, -6876.589023400792, 24284.739137392007)
    CV[69] (80929.889149345094, -6844.9308333451754, 24388.048927052303)
    CV[70] (80858.364674303113, -6781.0927987139603, 24594.297023467625)
    CV[71] (80822.308143153627, -6748.9111142926431, 24697.241302616138)
    CV[72] (80785.966300600703, -6716.4747797079526, 24799.999999999985)
    CV[73] (80748.560462335037, -6683.0887926425212, 24905.767207844001)
    CV[74] (80710.850907554894, -6649.4317282240872, 25011.344547791148)
    CV[75] (80634.828355363163, -6581.5790062471615, 25222.100482873189)
    CV[76] (80596.513087075713, -6547.3813218544647, 25327.285359753398)
    CV[77] (80557.891768128131, -6512.9104768041179, 25432.263297936996)
    CV[78] (80519.252312257464, -6478.4234439310248, 25537.290534716358)
    CV[79] (80480.30368047388, -6443.6604610055283, 25642.11669230742)
    CV[80] (80401.795585243162, -6373.589307051182, 25851.349124404791)
    CV[81] (80362.233694712631, -6338.2789697676208, 25955.761845383047)
    CV[82] (80322.36942535729, -6302.6987490646898, 26059.96191935012)
    CV[83] (80282.515981190387, -6267.128190211838, 26164.13369766661)
    CV[84] (80242.358117096912, -6231.2859261866706, 26268.099479051383)
    CV[85] (80161.443264041402, -6159.0666587470196, 26475.603274006597)
    CV[86] (80120.683814293152, -6122.6874589968347, 26579.147576320007)
    CV[87] (80079.62611179243, -6086.0420584876983, 26682.47419759948)
    CV[88] (80038.557631305375, -6049.3870382579762, 26785.827942971242)
    CV[89] (79997.187615684408, -6012.462887631862, 26888.969704697691)
    CV[90] (79913.850124780743, -5938.0813332441639, 27094.810540243103)
    CV[91] (79871.880139236397, -5900.6216889884072, 27197.515845628197)
    CV[92] (79829.618140367034, -5862.901412875608, 27300)
    CV[93] (79707.585397464165, -5753.9830256661426, 27595.925957045565)
    CV[94] (79582.117558452941, -5641.9986979629039, 27892.447531356676)
    CV[95] (79454.648997758428, -5528.2286578859712, 28186.136607199729)
