  
  Rhino 物体: 曲线
  开发人员除错信息
  使用 Rhino 的"What"指令。
  名称: ""
  ID:12B21479-1C1E-4668-BE00-45504592E6E4
  图层索引: 5
  渲染材质索引: -1 (从图层)
  ON_NurbsCurve dim = 3 is_rat = 0
          order = 4 cv_count = 94
  Knot Vector ( 96 knots )
  index                     value  mult       delta
      0                        0     3
      3       1257.0294712608581     3        1257
      6       2524.6816780932863     3        1268
      9       2954.6538794587982     3         430
     12       3385.4331820902657     3       430.8
     15       3816.8963489112602     3       431.5
     18       4248.8376863433805     3       431.9
     21       4681.2567440892481     3       432.4
     24       5113.7491507219866     3       432.5
     27       5279.6524953524931     2       165.9
     29       5445.5572207706682     2       165.9
     31        5777.366678430757     3       331.8
     34       6440.6037925192504     3       663.2
     37        7103.898282444412     3       663.3
     40       7767.1184207638389     3       663.2
     43       8439.4637075329319     3       672.3
     46       9111.6898131565031     3       672.2
     49       9784.0274407308316     3       672.3
     52       10120.159557954576     2       336.1
     54       10456.293656588374     3       336.1
     57       10799.919113820955     2       343.6
     59       11143.546969060808     3       343.6
     62       11830.801737733513     3       687.3
     65       12517.991027389939     3       687.2
     68       12861.636811492783     2       343.6
     70       13205.286273804468     3       343.6
     73        13559.31559212681     2         354
     75       13913.348707048812     3         354
     78       14267.493076272322     2       354.1
     80       14621.641458098888     3       354.1
     83       14975.690717271855     2         354
     85       15329.743909747216     3       354.1
     88       15683.875596360993     2       354.1
     90       16038.011231426106     3       354.1
     93       16728.617924341503     3       690.6
  Control Points  94 non-rational points
    index               value
    CV[ 0] (84834.807795741755, -7060.8767188359952, 12299.999999999996)
    CV[ 1] (84811.422741760674, -7041.5995679774951, 12717.391589922283)
    CV[ 2] (84778.270427932948, -7014.270909447032, 13135.231969860199)
    CV[ 3] (84735.234737540435, -6978.7950240089704, 13549.994513401722)
    CV[ 4] (84691.691981164215, -6942.9011456310054, 13969.643976967642)
    CV[ 5] (84638.181104430914, -6898.7901829540615, 14384.695389437378)
    CV[ 6] (84574.517896182922, -6846.3102840183965, 14800)
    CV[ 7] (84552.985984810206, -6828.5607460383153, 14940.462636323346)
    CV[ 8] (84530.289673882013, -6809.8513511381288, 15080.97365031566)
    CV[ 9] (84506.471762830683, -6790.2173804471913, 15220.81545216164)
    CV[10] (84482.585349499466, -6770.5269408344975, 15361.059450582661)
    CV[11] (84457.528728466568, -6749.8718564354613, 15500.87789561988)
    CV[12] (84431.299142560485, -6728.2498544132995, 15640.416852146132)
    CV[13] (84405.037842762467, -6706.6017094761046, 15780.124523626764)
    CV[14] (84377.603245638107, -6683.986372862546, 15919.53870307459)
    CV[15] (84349.026096934627, -6660.4291894107464, 16058.480931600505)
    CV[16] (84320.406223919868, -6636.8367867546467, 16197.630885924433)
    CV[17] (84290.643795351833, -6612.3025339842525, 16336.290872088886)
    CV[18] (84259.728800093668, -6586.818178555206, 16474.61364614957)
    CV[19] (84228.808648350067, -6561.3295724476011, 16612.959491841382)
    CV[20] (84196.687816566453, -6534.8512020964417, 16751.181549504803)
    CV[21] (84163.490699026443, -6507.4856102357808, 16888.638470321966)
    CV[22] (84130.195982776495, -6480.0395642073972, 17026.499511109159)
    CV[23] (84095.949385526765, -6451.8088480368515, 17163.049222918722)
    CV[24] (84060.490140164125, -6422.5785019047889, 17299.999999999993)
    CV[25] (84046.915371605792, -6411.3883262661147, 17352.428501615013)
    CV[26] (84033.194573173751, -6400.0777728892681, 17404.794393539963)
    CV[27] (84005.545678812006, -6377.2857832657755, 17509.431621485677)
    CV[28] (83991.617054384056, -6365.8039113587492, 17561.704653447199)
    CV[29] (83949.637665501083, -6331.1987736883721, 17718.434495838439)
    CV[30] (83921.392752999862, -6307.9154646265069, 17822.805005552531)
    CV[31] (83893.191028021422, -6284.667756610992, 17927.193991028304)
    CV[32] (83836.819645490177, -6238.1987749256987, 18135.853264062112)
    CV[33] (83780.619530155047, -6191.8709750216804, 18344.591405747182)
    CV[34] (83723.719495551006, -6144.9662061978488, 18553.009329258697)
    CV[35] (83666.814831247582, -6098.0576209443616, 18761.444210797366)
    CV[36] (83609.210625814027, -6050.572378484595, 18969.56433395603)
    CV[37] (83551.027722377505, -6002.6100942051507, 19177.402800360891)
    CV[38] (83492.850571452102, -5954.652551929923, 19385.220717892855)
    CV[39] (83434.089714612142, -5906.2138396312557, 19592.769858314852)
    CV[40] (83374.682642693486, -5857.2424287307877, 19800.000000000007)
    CV[41] (83314.457782325335, -5807.5968850562795, 20010.082839365572)
    CV[42] (83253.565378996835, -5757.4010614310837, 20219.854033405871)
    CV[43] (83191.730550329521, -5706.4283623091105, 20429.145680852889)
    CV[44] (83129.905884578722, -5655.4640408489886, 20638.402929991007)
    CV[45] (83067.131549371523, -5603.7168723023888, 20847.201674660824)
    CV[46] (83003.465120100533, -5551.23431816027, 21055.523372609401)
    CV[47] (82939.786493192893, -5498.7417090624513, 21263.884982210155)
    CV[48] (82875.208541010434, -5445.5077534188022, 21471.797137344562)
    CV[49] (82809.743722285886, -5391.5427214159763, 21679.221330996326)
    CV[50] (82777.013681448094, -5364.5621578754763, 21782.925923191622)
    CV[51] (82744.0599791001, -5337.3972220141823, 21886.513519546854)
    CV[52] (82677.699685123429, -5282.694017179283, 22093.440961955268)
    CV[53] (82644.292026606243, -5255.1548687306367, 22196.784111193825)
    CV[54] (82610.656145238783, -5227.4275878826447, 22300)
    CV[55] (82576.270241384947, -5199.0820362096711, 22405.517426164755)
    CV[56] (82541.644855881066, -5170.5390710990469, 22510.90582600467)
    CV[57] (82471.840938056979, -5112.997161830951, 22721.369805188147)
    CV[58] (82436.660904565419, -5083.9969802033347, 22826.450065868758)
    CV[59] (82401.16489359863, -5054.7363268460658, 22931.347000303587)
    CV[60] (82330.173563708653, -4996.2155906082471, 23141.138824063084)
    CV[61] (82257.905176949658, -4936.6421299277627, 23350.228578149185)
    CV[62] (82184.449279440378, -4876.0897609284075, 23558.579367015293)
    CV[63] (82110.9970168703, -4815.5403883416866, 23766.919845716046)
    CV[64] (82036.34337970223, -4754.0006789620002, 23974.571882293432)
    CV[65] (81960.496472643412, -4691.4773137944194, 24181.455658122868)
    CV[66] (81922.564857215417, -4660.2089030606567, 24284.919808835915)
    CV[67] (81884.330518697738, -4628.6909466695024, 24388.200490502197)
    CV[68] (81807.265470282669, -4565.1634232600636, 24594.380214171204)
    CV[69] (81768.432602728237, -4533.1520776065463, 24697.285071055278)
    CV[70] (81729.309471838176, -4500.9014573242712, 24799.999999999985)
    CV[71] (81689.003791346666, -4467.6760183786264, 24905.819626741668)
    CV[72] (81648.38861009253, -4434.195446693202, 25011.444328491063)
    CV[73] (81566.543091949105, -4366.7272081499577, 25222.285103812705)
    CV[74] (81525.310381296018, -4332.7375845122724, 25327.507284082356)
    CV[75] (81483.764785623644, -4298.4900383689028, 25432.51696554097)
    CV[76] (81442.205229160536, -4264.2309838377641, 25537.561933969591)
    CV[77] (81400.329528415648, -4229.711320072307, 25642.400083455625)
    CV[78] (81315.953813952859, -4160.1573486421721, 25851.645520239817)
    CV[79] (81273.451254122963, -4125.1209421247477, 25956.059101778068)
    CV[80] (81230.640024161927, -4089.8300875873128, 26060.254907100716)
    CV[81] (81187.83981005018, -4054.5483138152481, 26164.423901577524)
    CV[82] (81144.728811230409, -4019.0103489004923, 26268.381643325247)
    CV[83] (81057.895178572071, -3947.4302260707636, 26475.859242504313)
    CV[84] (81014.169970696516, -3911.385946283433, 26579.385230054675)
    CV[85] (80970.140022795851, -3875.0904582054736, 26682.68835246396)
    CV[86] (80926.099336584259, -3838.7861181471053, 26786.016669112643)
    CV[87] (80881.750451404965, -3802.2277184659092, 26889.127618073158)
    CV[88] (80792.442685094225, -3728.6080772454957, 27094.896815471522)
    CV[89] (80747.481184421005, -3691.5446763227155, 27197.561141503797)
    CV[90] (80702.22224689601, -3654.236087380807, 27299.999999999993)
    CV[91] (80614.325630238309, -3581.7797081638737, 27498.944773529387)
    CV[92] (80524.79203079053, -3507.9739044716853, 27698.211564185764)
    CV[93] (80434.115343495927, -3433.2258118763029, 27896.692481534126)
