  
  Rhino 物体: 曲线
  开发人员除错信息
  使用 Rhino 的"What"指令。
  名称: ""
  ID:C75F8DAC-5B92-4c02-A616-3A8FF052E03B
  图层索引: 5
  渲染材质索引: -1 (从图层)
  ON_NurbsCurve dim = 3 is_rat = 0
          order = 4 cv_count = 72
  Knot Vector ( 74 knots )
  index                     value  mult       delta
      0                        0     3
      3       1267.1165884550221     3        1267
      6       2534.0991337226042     3        1267
      9       2951.0080099578081     3       416.9
     12       3368.3070574996045     3       417.3
     15       3785.3603761488366     3       417.1
     18       4202.4942750672335     3       417.1
     21       4619.7187665459096     3       417.2
     24        5036.634388272144     3       416.9
     27       5667.0775188358175     3       630.4
     30        6297.532281099504     3       630.5
     33       6928.0126425541548     3       630.5
     36       7558.4297207359505     3       630.4
     39       8200.2777511613094     3       641.8
     42       8842.1473738396762     3       641.9
     45       9483.7677079404839     3       641.6
     48        10125.31611132851     3       641.5
     51       10780.069036686895     3       654.8
     54       11434.641240549825     3       654.6
     57       12089.377000572818     3       654.7
     60        12416.72843182098     2       327.4
     62        12744.08403704979     3       327.4
     65        13414.56121351764     3       670.5
     68        14085.05538562451     3       670.5
     71       14663.659722861912     3       578.6
  Control Points  72 non-rational points
    index               value
    CV[ 0] (-17522.36963799705, -10442.944480153346, 12300)
    CV[ 1] (-17600.356889751878, -10504.424672217025, 12711.054016176062)
    CV[ 2] (-17665.223412501728, -10555.561315545607, 13124.223492073917)
    CV[ 3] (-17716.643939120597, -10596.097990212405, 13542.015592066871)
    CV[ 4] (-17767.737749873238, -10636.377102857799, 13957.153123605805)
    CV[ 5] (-17806.053117956319, -10666.582503557693, 14380.92417752877)
    CV[ 6] (-17830.252533043538, -10685.659784188996, 14799.999999999996)
    CV[ 7] (-17838.26954449997, -10691.979886424009, 14938.835408118579)
    CV[ 8] (-17844.732537094937, -10697.074898969055, 15077.079277511966)
    CV[ 9] (-17849.740111903015, -10701.022552643808, 15216.143198345133)
    CV[10] (-17854.740078782001, -10704.964208710859, 15354.995841566057)
    CV[11] (-17858.273212326501, -10707.749506615521, 15494.225148840333)
    CV[12] (-17860.323608089035, -10709.365908302341, 15633.199159943777)
    CV[13] (-17862.37479121744, -10710.982930698368, 15772.226538009973)
    CV[14] (-17862.944693787271, -10711.432205658852, 15911.173957303376)
    CV[15] (-17862.002720362558, -10710.689613686869, 16050.220876990106)
    CV[16] (-17861.060863096332, -10709.947113286853, 16189.250650248357)
    CV[17] (-17858.608174285833, -10708.01356933257, 16328.28060050109)
    CV[18] (-17854.83091263465, -10705.035816346486, 16467.231304656932)
    CV[19] (-17851.053096358159, -10702.057626129063, 16606.202411311799)
    CV[20] (-17845.948323599088, -10698.033347768078, 16745.167600649325)
    CV[21] (-17839.810633221306, -10693.194782813389, 16884.000801991067)
    CV[22] (-17833.675898518242, -10688.358547924772, 17022.767146623093)
    CV[23] (-17826.508852209394, -10682.708504184522, 17161.410462922351)
    CV[24] (-17818.268433567056, -10676.212281924905, 17299.999999999985)
    CV[25] (-17805.809538951395, -10666.390481353192, 17509.536980125278)
    CV[26] (-17790.902991675277, -10654.639107007759, 17718.850468080975)
    CV[27] (-17774.026410357641, -10641.334683048208, 17927.882715504864)
    CV[28] (-17757.147590944507, -10628.028494716431, 18136.942683835212)
    CV[29] (-17738.300134839763, -10613.170358352378, 18345.697639182963)
    CV[30] (-17717.300221692247, -10596.615361675631, 18554.152343537255)
    CV[31] (-17696.306626851747, -10580.065345950516, 18762.544329497825)
    CV[32] (-17673.150618948683, -10561.810621219554, 18970.747920208065)
    CV[33] (-17647.887971582546, -10541.895155843373, 19178.370170639781)
    CV[34] (-17622.598695254652, -10521.958697886397, 19386.211272440709)
    CV[35] (-17595.246403884143, -10500.395890004327, 19593.074617458304)
    CV[36] (-17565.686380112744, -10477.092646230773, 19799.999999999996)
    CV[37] (-17535.643461773456, -10453.40871907484, 20010.305729728214)
    CV[38] (-17503.32352053608, -10427.929731803848, 20220.651551810402)
    CV[39] (-17468.884538811108, -10400.780227708166, 20429.86178152846)
    CV[40] (-17434.406217223946, -10373.599710565753, 20639.310993388099)
    CV[41] (-17397.738133744137, -10344.692924338273, 20848.022460924236)
    CV[42] (-17359.512477342498, -10314.558246625549, 21056.410994233804)
    CV[43] (-17321.313661303491, -10284.444728148632, 21264.653206346316)
    CV[44] (-17281.571733214612, -10253.114718218725, 21472.506139752961)
    CV[45] (-17240.242128786369, -10220.533085182698, 21679.777052443016)
    CV[46] (-17198.898424035335, -10187.940336348462, 21887.118679257157)
    CV[47] (-17155.996457721183, -10154.119153147962, 22093.724923113459)
    CV[48] (-17111.484314011654, -10119.028608439054, 22300)
    CV[49] (-17066.09013715004, -10083.242724859028, 22510.362533501757)
    CV[50] (-17019.014739660426, -10046.131473801826, 22720.411225989064)
    CV[51] (-16970.728659976008, -10008.065797858628, 22929.725646164949)
    CV[52] (-16922.436793595887, -9969.9955600523663, 23139.065150979397)
    CV[53] (-16872.867908327022, -9930.9186017272641, 23347.950343993871)
    CV[54] (-16821.972851483719, -9890.7961740303035, 23556.276752001584)
    CV[55] (-16771.062784305843, -9850.6619131396892, 23764.664601125143)
    CV[56] (-16718.814971165109, -9809.4730583651035, 23972.54722306861)
    CV[57] (-16665.245519149561, -9767.2423075109054, 24179.839819425975)
    CV[58] (-16638.46003286721, -9746.1263327316574, 24283.489059566629)
    CV[59] (-16611.340888749251, -9724.7473233236014, 24387.001715704813)
    CV[60] (-16556.418966570775, -9681.4503709620276, 24593.724676972881)
    CV[61] (-16528.6142417298, -9659.5308932905391, 24696.942230364217)
    CV[62] (-16500.460010412724, -9637.3358869294934, 24800)
    CV[63] (-16442.819689023672, -9591.8959214239603, 25010.99077067832)
    CV[64] (-16383.635165981119, -9545.2386054911967, 25221.604942584945)
    CV[65] (-16323.091577589948, -9497.5098888258763, 25431.27302910751)
    CV[66] (-16262.510357540123, -9449.751505752909, 25641.071437569575)
    CV[67] (-16200.518982493064, -9400.8814461159109, 25850.093671248949)
    CV[68] (-16137.063732670429, -9350.8573606562968, 26058.509953573128)
    CV[69] (-16082.31498502503, -9307.6969280888497, 26238.330070554039)
    CV[70] (-16026.49473636631, -9263.6917922319117, 26417.643145400441)
    CV[71] (-15969.631343915182, -9218.8643081159407, 26596.393243540828)
