  
  Rhino 物体: 曲线
  开发人员除错信息
  使用 Rhino 的"What"指令。
  名称: ""
  ID:34561436-6521-4d34-B83F-7951F6BBA110
  图层索引: 5
  渲染材质索引: -1 (从图层)
  ON_NurbsCurve dim = 3 is_rat = 0
          order = 4 cv_count = 79
  Knot Vector ( 81 knots )
  index                     value  mult       delta
      0                        0     3
      3       1266.6490322603299     3        1267
      6       1899.8062694488526     2       633.2
      8       2532.9104577442104     3       633.1
     11       2949.8518075915276     3       416.9
     14       3367.1202071481921     3       417.3
     17       3784.2302765872828     3       417.1
     20       4201.3817591247434     3       417.2
     23       4618.6800132728877     3       417.3
     26        5035.664796079097     3         417
     29       5666.8245072091413     3       631.2
     32       6298.0236059065046     3       631.2
     35         6929.29930369266     3       631.3
     38       7560.4761138134436     3       631.2
     41       8204.1441904150688     3       643.7
     44       8847.7533740925974     3       643.6
     47       9491.2182783974586     3       643.5
     50       10134.653702744008     3       643.4
     53       10792.856138738947     3       658.2
     56       11121.850296111015     2         329
     58       11450.847931314553     3         329
     61       12109.100422342524     3       658.3
     64       12438.236052028968     2       329.1
     66       12767.375810866473     3       329.1
     69       13442.297181133456     3       674.9
     72       14117.334305807848     3         675
     75       14792.422272424497     3       675.1
     78       15135.873305979572     3       343.5
  Control Points  79 non-rational points
    index               value
    CV[ 0] (-16599.488823824995, -12830.227514359722, 12300)
    CV[ 1] (-16674.566845952701, -12893.78575174819, 12711.099993897167)
    CV[ 2] (-16736.883309835535, -12946.540532607207, 13124.337585614128)
    CV[ 3] (-16786.085901245104, -12988.193600926159, 13542.110539220404)
    CV[ 4] (-16810.620958044234, -13008.964059712704, 13750.434589889772)
    CV[ 5] (-16831.924599286158, -13026.998923297542, 13960.136574171896)
    CV[ 6] (-16867.888458912257, -13057.44457786784, 14379.055206888997)
    CV[ 7] (-16882.676244226874, -13069.963362231627, 14589.753722719523)
    CV[ 8] (-16894.035583795332, -13079.579753026261, 14799.999999999996)
    CV[ 9] (-16901.538178301988, -13085.931168116451, 14938.863052333541)
    CV[10] (-16907.525263417778, -13090.999609802448, 15077.161210212902)
    CV[11] (-16912.087639826412, -13094.861946537188, 15216.243162379938)
    CV[12] (-16916.643117144002, -13098.718442760233, 15355.114798920929)
    CV[13] (-16919.763652099762, -13101.360170603832, 15494.323457913863)
    CV[14] (-16921.432197951541, -13102.7726989355, 15633.306134577881)
    CV[15] (-16923.101473333412, -13104.185844859978, 15772.349577953726)
    CV[16] (-16923.319549551819, -13104.370460006534, 15911.337975572587)
    CV[17] (-16922.071469367627, -13103.313882137558, 16050.389095011371)
    CV[18] (-16920.823484783996, -13102.257385200428, 16189.42956339991)
    CV[19] (-16918.110434886894, -13099.960618922898, 16328.436148681461)
    CV[20] (-16914.055920169143, -13096.528218845982, 16467.384006925407)
    CV[21] (-16910.000875712394, -13093.095370311899, 16606.35001927767)
    CV[22] (-16904.601770796937, -13088.524690608616, 16745.334195717456)
    CV[23] (-16898.042945622234, -13082.972235234469, 16884.13505831841)
    CV[24] (-16891.485845520292, -13077.421240242216, 17022.899414139323)
    CV[25] (-16883.770798326259, -13070.8899706759, 17161.455947591181)
    CV[26] (-16874.906955695224, -13063.386173983454, 17299.999999999993)
    CV[27] (-16861.497827035808, -13052.034508631137, 17509.587997111084)
    CV[28] (-16845.465501290146, -13038.462143020612, 17719.055613437358)
    CV[29] (-16827.605077890948, -13023.342178507777, 17928.068111892266)
    CV[30] (-16809.735301351848, -13008.21429597753, 18137.190065934908)
    CV[31] (-16790.028374404988, -12991.531150822817, 18345.939767130116)
    CV[32] (-16768.196498854268, -12973.049103885991, 18554.416594818831)
    CV[33] (-16746.37408339413, -12954.57506550701, 18762.803086261785)
    CV[34] (-16722.414793358945, -12934.292029266051, 18971.048398108858)
    CV[35] (-16696.403859171845, -12912.27214804239, 19178.607882895951)
    CV[36] (-16670.355288083636, -12890.220404829994, 19386.467698910979)
    CV[37] (-16642.31450711803, -12866.482131462342, 19593.117763872011)
    CV[38] (-16612.069992267825, -12840.878259649115, 19799.999999999993)
    CV[39] (-16581.301820874702, -12814.831079848789, 20010.46421577283)
    CV[40] (-16548.255880688939, -12786.855626426755, 20221.148647585986)
    CV[41] (-16513.162321719967, -12757.146735748174, 20430.447954128093)
    CV[42] (-16478.015961751142, -12727.393145723659, 20640.062167820652)
    CV[43] (-16440.728589369301, -12695.827054898753, 20848.807583877602)
    CV[44] (-16401.701731807105, -12662.788381167513, 21057.237192604789)
    CV[45] (-16362.708078987827, -12629.777817326132, 21265.489465722439)
    CV[46] (-16321.98997726788, -12595.307399728794, 21473.362021319692)
    CV[47] (-16279.563635690665, -12559.390850343647, 21680.459435464421)
    CV[48] (-16237.095064200817, -12523.438550698491, 21887.762988186758)
    CV[49] (-16192.980695951146, -12486.092981249609, 22093.968390028465)
    CV[50] (-16147.048074810442, -12447.208147105073, 22300)
    CV[51] (-16100.141522314836, -12407.498819207232, 22510.40019682917)
    CV[52] (-16051.319118672542, -12366.167603591373, 22720.707145934026)
    CV[53] (-16001.454805015261, -12323.954346038427, 22929.933808406837)
    CV[54] (-15976.50681101058, -12302.834310102764, 23034.613591164227)
    CV[55] (-15951.261745208465, -12281.462784326428, 23139.174530759603)
    CV[56] (-15900.153812576553, -12238.196725597183, 23348.030375809845)
    CV[57] (-15874.289416176853, -12216.300897767764, 23452.331446673947)
    CV[58] (-15848.10465450919, -12194.133860719252, 23556.490030085657)
    CV[59] (-15795.714969978861, -12149.782718910776, 23764.887394756151)
    CV[60] (-15742.035301013653, -12104.339524666502, 23972.752481531374)
    CV[61] (-15687.089054952798, -12057.824093761825, 24180.005201973167)
    CV[62] (-15659.613036298864, -12034.563926983241, 24283.642484247735)
    CV[63] (-15631.816868087548, -12011.032733598049, 24387.137303985015)
    CV[64] (-15575.556707827318, -11963.404992216547, 24593.807042911896)
    CV[65] (-15547.09070606696, -11939.306742873912, 24696.989221047588)
    CV[66] (-15518.278395110385, -11914.91532115567, 24800)
    CV[67] (-15459.233699212495, -11864.930296350078, 25011.098655939706)
    CV[68] (-15398.61756107976, -11813.614947492601, 25221.900426582757)
    CV[69] (-15336.704784407704, -11761.201913084096, 25431.583616082095)
    CV[70] (-15274.726360698651, -11708.733304356463, 25641.489135782704)
    CV[71] (-15211.376383452758, -11655.103589850934, 25850.518127308733)
    CV[72] (-15146.556655154085, -11600.229639233861, 26058.945293870274)
    CV[73] (-15081.774802849226, -11545.387753012439, 26267.250670565067)
    CV[74] (-15015.494104331312, -11489.276999808133, 26475.05399596729)
    CV[75] (-14947.903223960564, -11432.057095791584, 26681.82144193937)
    CV[76] (-14913.454341427609, -11402.893964002193, 26787.204112188097)
    CV[77] (-14878.716710245641, -11373.486388437388, 26892.159868175015)
    CV[78] (-14843.61446279478, -11343.770142415935, 26996.910516499731)
